TrakPro Version 5.2.0.0 ASCII Data File

Instrument Name:,SidePak Aerosol Monitor
Model Number:,AM520
Serial Number:,5201701009
Test Name:,Test 1
Start Date:,02/03/2023
Start Time:,04:36:46
Duration (dd:hh:mm:ss):,00:00:01:00
Log Interval (mm:ss):,00:01
Number of points:,60
Description:,

Statistics Channel: ,MC
,Units:,mg/m³
,Average:,0.015
,Minimum:,0.000
,Time of Minimum:,04:37:24
,Date of Minimum:,02/03/2023
,Maximum:,0.040
,Time of Maximum:,04:36:47
,Date of Maximum:,02/03/2023

,TWA:,N/A

Calibration Sensor: ,Aerosol
,Cal factor:,1.00
,Cal date:,02/03/2023
,Cal name:,Factory

Date,Time,MC
MM/dd/yyyy,HH:mm:ss,mg/m³
02/03/2023,16:36:47,0.040
02/03/2023,16:36:48,0.020
02/03/2023,16:36:49,0.020
02/03/2023,16:36:50,0.022
02/03/2023,16:36:51,0.021
02/03/2023,16:36:52,0.019
02/03/2023,16:36:53,0.013
02/03/2023,16:36:54,0.007
02/03/2023,16:36:55,0.003
02/03/2023,16:36:56,0.005
02/03/2023,16:36:57,0.004
02/03/2023,16:36:58,0.008
02/03/2023,16:36:59,0.004
02/03/2023,16:37:00,0.000
02/03/2023,16:37:01,0.013
02/03/2023,16:37:02,0.002
02/03/2023,16:37:03,0.005
02/03/2023,16:37:04,0.008
02/03/2023,16:37:05,0.016
02/03/2023,16:37:06,0.009
02/03/2023,16:37:07,0.020
02/03/2023,16:37:08,0.016
02/03/2023,16:37:09,0.020
02/03/2023,16:37:10,0.022
02/03/2023,16:37:11,0.027
02/03/2023,16:37:12,0.023
02/03/2023,16:37:13,0.022
02/03/2023,16:37:14,0.020
02/03/2023,16:37:15,0.019
02/03/2023,16:37:16,0.024
02/03/2023,16:37:17,0.020
02/03/2023,16:37:18,0.015
02/03/2023,16:37:19,0.021
02/03/2023,16:37:20,0.022
02/03/2023,16:37:21,0.006
02/03/2023,16:37:22,0.003
02/03/2023,16:37:23,0.003
02/03/2023,16:37:24,0.000
02/03/2023,16:37:25,0.014
02/03/2023,16:37:26,0.004
02/03/2023,16:37:27,0.007
02/03/2023,16:37:28,0.005
02/03/2023,16:37:29,0.006
02/03/2023,16:37:30,0.011
02/03/2023,16:37:31,0.020
02/03/2023,16:37:32,0.026
02/03/2023,16:37:33,0.018
02/03/2023,16:37:34,0.018
02/03/2023,16:37:35,0.017
02/03/2023,16:37:36,0.024
02/03/2023,16:37:37,0.026
02/03/2023,16:37:38,0.028
02/03/2023,16:37:39,0.022
02/03/2023,16:37:40,0.023
02/03/2023,16:37:41,0.022
02/03/2023,16:37:42,0.021
02/03/2023,16:37:43,0.024
02/03/2023,16:37:44,0.009
02/03/2023,16:37:45,0.004
02/03/2023,16:37:46,0.006

Instrument Name:,SidePak Aerosol Monitor
Model Number:,AM520
Serial Number:,5201701009
Test Name:,Test 2
Start Date:,02/03/2023
Start Time:,05:36:46
Duration (dd:hh:mm:ss):,00:00:01:00
Log Interval (mm:ss):,00:01
Number of points:,60
Description:,

Statistics Channel: ,MC
,Units:,mg/m³
,Average:,0.016
,Minimum:,0.000
,Time of Minimum:,05:37:46
,Date of Minimum:,02/03/2023
,Maximum:,0.034
,Time of Maximum:,05:37:12
,Date of Maximum:,02/03/2023

,TWA:,N/A

Calibration Sensor: ,Aerosol
,Cal factor:,1.00
,Cal date:,02/03/2023
,Cal name:,Factory

Date,Time,MC
MM/dd/yyyy,HH:mm:ss,mg/m³
02/03/2023,17:36:47,0.019
02/03/2023,17:36:48,0.013
02/03/2023,17:36:49,0.016
02/03/2023,17:36:50,0.014
02/03/2023,17:36:51,0.019
02/03/2023,17:36:52,0.017
02/03/2023,17:36:53,0.017
02/03/2023,17:36:54,0.016
02/03/2023,17:36:55,0.014
02/03/2023,17:36:56,0.024
02/03/2023,17:36:57,0.025
02/03/2023,17:36:58,0.025
02/03/2023,17:36:59,0.019
02/03/2023,17:37:00,0.020
02/03/2023,17:37:01,0.019
02/03/2023,17:37:02,0.021
02/03/2023,17:37:03,0.017
02/03/2023,17:37:04,0.024
02/03/2023,17:37:05,0.019
02/03/2023,17:37:06,0.022
02/03/2023,17:37:07,0.022
02/03/2023,17:37:08,0.022
02/03/2023,17:37:09,0.021
02/03/2023,17:37:10,0.018
02/03/2023,17:37:11,0.019
02/03/2023,17:37:12,0.034
02/03/2023,17:37:13,0.027
02/03/2023,17:37:14,0.018
02/03/2023,17:37:15,0.022
02/03/2023,17:37:16,0.019
02/03/2023,17:37:17,0.016
02/03/2023,17:37:18,0.027
02/03/2023,17:37:19,0.032
02/03/2023,17:37:20,0.018
02/03/2023,17:37:21,0.029
02/03/2023,17:37:22,0.019
02/03/2023,17:37:23,0.014
02/03/2023,17:37:24,0.014
02/03/2023,17:37:25,0.013
02/03/2023,17:37:26,0.009
02/03/2023,17:37:27,0.013
02/03/2023,17:37:28,0.018
02/03/2023,17:37:29,0.011
02/03/2023,17:37:30,0.004
02/03/2023,17:37:31,0.008
02/03/2023,17:37:32,0.015
02/03/2023,17:37:33,0.013
02/03/2023,17:37:34,0.015
02/03/2023,17:37:35,0.005
02/03/2023,17:37:36,0.006
02/03/2023,17:37:37,0.010
02/03/2023,17:37:38,0.013
02/03/2023,17:37:39,0.002
02/03/2023,17:37:40,0.009
02/03/2023,17:37:41,0.000
02/03/2023,17:37:42,0.005
02/03/2023,17:37:43,0.001
02/03/2023,17:37:44,0.006
02/03/2023,17:37:45,0.002
02/03/2023,17:37:46,0.000

Instrument Name:,SidePak Aerosol Monitor
Model Number:,AM520
Serial Number:,5201701009
Test Name:,Test 3
Start Date:,02/03/2023
Start Time:,06:36:46
Duration (dd:hh:mm:ss):,00:00:01:00
Log Interval (mm:ss):,00:01
Number of points:,60
Description:,

Statistics Channel: ,MC
,Units:,mg/m³
,Average:,0.014
,Minimum:,0.000
,Time of Minimum:,06:37:09
,Date of Minimum:,02/03/2023
,Maximum:,0.028
,Time of Maximum:,06:37:44
,Date of Maximum:,02/03/2023

,TWA:,N/A

Calibration Sensor: ,Aerosol
,Cal factor:,1.00
,Cal date:,02/03/2023
,Cal name:,Factory

Date,Time,MC
MM/dd/yyyy,HH:mm:ss,mg/m³
02/03/2023,18:36:47,0.016
02/03/2023,18:36:48,0.016
02/03/2023,18:36:49,0.011
02/03/2023,18:36:50,0.018
02/03/2023,18:36:51,0.013
02/03/2023,18:36:52,0.008
02/03/2023,18:36:53,0.007
02/03/2023,18:36:54,0.006
02/03/2023,18:36:55,0.016
02/03/2023,18:36:56,0.012
02/03/2023,18:36:57,0.019
02/03/2023,18:36:58,0.016
02/03/2023,18:36:59,0.019
02/03/2023,18:37:00,0.019
02/03/2023,18:37:01,0.007
02/03/2023,18:37:02,0.020
02/03/2023,18:37:03,0.006
02/03/2023,18:37:04,0.002
02/03/2023,18:37:05,0.012
02/03/2023,18:37:06,0.001
02/03/2023,18:37:07,0.006
02/03/2023,18:37:08,0.013
02/03/2023,18:37:09,0.000
02/03/2023,18:37:10,0.016
02/03/2023,18:37:11,0.007
02/03/2023,18:37:12,0.004
02/03/2023,18:37:13,0.005
02/03/2023,18:37:14,0.007
02/03/2023,18:37:15,0.017
02/03/2023,18:37:16,0.012
02/03/2023,18:37:17,0.011
02/03/2023,18:37:18,0.016
02/03/2023,18:37:19,0.014
02/03/2023,18:37:20,0.009
02/03/2023,18:37:21,0.016
02/03/2023,18:37:22,0.011
02/03/2023,18:37:23,0.017
02/03/2023,18:37:24,0.009
02/03/2023,18:37:25,0.011
02/03/2023,18:37:26,0.017
02/03/2023,18:37:27,0.018
02/03/2023,18:37:28,0.014
02/03/2023,18:37:29,0.015
02/03/2023,18:37:30,0.018
02/03/2023,18:37:31,0.014
02/03/2023,18:37:32,0.011
02/03/2023,18:37:33,0.011
02/03/2023,18:37:34,0.022
02/03/2023,18:37:35,0.019
02/03/2023,18:37:36,0.018
02/03/2023,18:37:37,0.014
02/03/2023,18:37:38,0.028
02/03/2023,18:37:39,0.024
02/03/2023,18:37:40,0.017
02/03/2023,18:37:41,0.020
02/03/2023,18:37:42,0.016
02/03/2023,18:37:43,0.013
02/03/2023,18:37:44,0.028
02/03/2023,18:37:45,0.019
02/03/2023,18:37:46,0.015

Instrument Name:,SidePak Aerosol Monitor
Model Number:,AM520
Serial Number:,5201701009
Test Name:,Test 4
Start Date:,02/03/2023
Start Time:,07:36:46
Duration (dd:hh:mm:ss):,00:00:01:00
Log Interval (mm:ss):,00:01
Number of points:,60
Description:,

Statistics Channel: ,MC
,Units:,mg/m³
,Average:,0.018
,Minimum:,0.002
,Time of Minimum:,07:37:05
,Date of Minimum:,02/03/2023
,Maximum:,0.037
,Time of Maximum:,07:36:48
,Date of Maximum:,02/03/2023

,TWA:,N/A

Calibration Sensor: ,Aerosol
,Cal factor:,1.00
,Cal date:,02/03/2023
,Cal name:,Factory

Date,Time,MC
MM/dd/yyyy,HH:mm:ss,mg/m³
02/03/2023,19:36:47,0.030
02/03/2023,19:36:48,0.037
02/03/2023,19:36:49,0.026
02/03/2023,19:36:50,0.029
02/03/2023,19:36:51,0.022
02/03/2023,19:36:52,0.026
02/03/2023,19:36:53,0.027
02/03/2023,19:36:54,0.021
02/03/2023,19:36:55,0.010
02/03/2023,19:36:56,0.015
02/03/2023,19:36:57,0.020
02/03/2023,19:36:58,0.008
02/03/2023,19:36:59,0.019
02/03/2023,19:37:00,0.023
02/03/2023,19:37:01,0.012
02/03/2023,19:37:02,0.008
02/03/2023,19:37:03,0.017
02/03/2023,19:37:04,0.025
02/03/2023,19:37:05,0.002
02/03/2023,19:37:06,0.011
02/03/2023,19:37:07,0.004
02/03/2023,19:37:08,0.015
02/03/2023,19:37:09,0.015
02/03/2023,19:37:10,0.008
02/03/2023,19:37:11,0.025
02/03/2023,19:37:12,0.013
02/03/2023,19:37:13,0.024
02/03/2023,19:37:14,0.008
02/03/2023,19:37:15,0.008
02/03/2023,19:37:16,0.013
02/03/2023,19:37:17,0.006
02/03/2023,19:37:18,0.016
02/03/2023,19:37:19,0.022
02/03/2023,19:37:20,0.015
02/03/2023,19:37:21,0.018
02/03/2023,19:37:22,0.025
02/03/2023,19:37:23,0.023
02/03/2023,19:37:24,0.017
02/03/2023,19:37:25,0.031
02/03/2023,19:37:26,0.014
02/03/2023,19:37:27,0.015
02/03/2023,19:37:28,0.018
02/03/2023,19:37:29,0.017
02/03/2023,19:37:30,0.015
02/03/2023,19:37:31,0.034
02/03/2023,19:37:32,0.026
02/03/2023,19:37:33,0.022
02/03/2023,19:37:34,0.026
02/03/2023,19:37:35,0.018
02/03/2023,19:37:36,0.019
02/03/2023,19:37:37,0.012
02/03/2023,19:37:38,0.012
02/03/2023,19:37:39,0.013
02/03/2023,19:37:40,0.013
02/03/2023,19:37:41,0.013
02/03/2023,19:37:42,0.016
02/03/2023,19:37:43,0.019
02/03/2023,19:37:44,0.020
02/03/2023,19:37:45,0.015
02/03/2023,19:37:46,0.016

Instrument Name:,SidePak Aerosol Monitor
Model Number:,AM520
Serial Number:,5201701009
Test Name:,Test 5
Start Date:,02/03/2023
Start Time:,08:36:46
Duration (dd:hh:mm:ss):,00:00:01:00
Log Interval (mm:ss):,00:01
Number of points:,60
Description:,

Statistics Channel: ,MC
,Units:,mg/m³
,Average:,0.079
,Minimum:,0.058
,Time of Minimum:,08:37:29
,Date of Minimum:,02/03/2023
,Maximum:,0.136
,Time of Maximum:,08:37:01
,Date of Maximum:,02/03/2023

,TWA:,N/A

Calibration Sensor: ,Aerosol
,Cal factor:,1.00
,Cal date:,02/03/2023
,Cal name:,Factory

Date,Time,MC
MM/dd/yyyy,HH:mm:ss,mg/m³
02/03/2023,20:36:47,0.073
02/03/2023,20:36:48,0.078
02/03/2023,20:36:49,0.073
02/03/2023,20:36:50,0.067
02/03/2023,20:36:51,0.073
02/03/2023,20:36:52,0.074
02/03/2023,20:36:53,0.064
02/03/2023,20:36:54,0.075
02/03/2023,20:36:55,0.092
02/03/2023,20:36:56,0.097
02/03/2023,20:36:57,0.069
02/03/2023,20:36:58,0.085
02/03/2023,20:36:59,0.074
02/03/2023,20:37:00,0.082
02/03/2023,20:37:01,0.136
02/03/2023,20:37:02,0.072
02/03/2023,20:37:03,0.092
02/03/2023,20:37:04,0.071
02/03/2023,20:37:05,0.084
02/03/2023,20:37:06,0.081
02/03/2023,20:37:07,0.105
02/03/2023,20:37:08,0.072
02/03/2023,20:37:09,0.080
02/03/2023,20:37:10,0.081
02/03/2023,20:37:11,0.097
02/03/2023,20:37:12,0.077
02/03/2023,20:37:13,0.076
02/03/2023,20:37:14,0.074
02/03/2023,20:37:15,0.075
02/03/2023,20:37:16,0.065
02/03/2023,20:37:17,0.059
02/03/2023,20:37:18,0.073
02/03/2023,20:37:19,0.101
02/03/2023,20:37:20,0.069
02/03/2023,20:37:21,0.064
02/03/2023,20:37:22,0.077
02/03/2023,20:37:23,0.063
02/03/2023,20:37:24,0.099
02/03/2023,20:37:25,0.069
02/03/2023,20:37:26,0.059
02/03/2023,20:37:27,0.087
02/03/2023,20:37:28,0.072
02/03/2023,20:37:29,0.058
02/03/2023,20:37:30,0.085
02/03/2023,20:37:31,0.076
02/03/2023,20:37:32,0.069
02/03/2023,20:37:33,0.091
02/03/2023,20:37:34,0.069
02/03/2023,20:37:35,0.059
02/03/2023,20:37:36,0.082
02/03/2023,20:37:37,0.070
02/03/2023,20:37:38,0.076
02/03/2023,20:37:39,0.092
02/03/2023,20:37:40,0.084
02/03/2023,20:37:41,0.075
02/03/2023,20:37:42,0.128
02/03/2023,20:37:43,0.065
02/03/2023,20:37:44,0.083
02/03/2023,20:37:45,0.091
02/03/2023,20:37:46,0.074

Instrument Name:,SidePak Aerosol Monitor
Model Number:,AM520
Serial Number:,5201701009
Test Name:,Test 6
Start Date:,02/03/2023
Start Time:,09:36:46
Duration (dd:hh:mm:ss):,00:00:01:00
Log Interval (mm:ss):,00:01
Number of points:,60
Description:,

Statistics Channel: ,MC
,Units:,mg/m³
,Average:,0.045
,Minimum:,0.027
,Time of Minimum:,09:37:40
,Date of Minimum:,02/03/2023
,Maximum:,0.085
,Time of Maximum:,09:37:18
,Date of Maximum:,02/03/2023

,TWA:,N/A

Calibration Sensor: ,Aerosol
,Cal factor:,1.00
,Cal date:,02/03/2023
,Cal name:,Factory

Date,Time,MC
MM/dd/yyyy,HH:mm:ss,mg/m³
02/03/2023,21:36:47,0.057
02/03/2023,21:36:48,0.056
02/03/2023,21:36:49,0.059
02/03/2023,21:36:50,0.064
02/03/2023,21:36:51,0.046
02/03/2023,21:36:52,0.062
02/03/2023,21:36:53,0.058
02/03/2023,21:36:54,0.050
02/03/2023,21:36:55,0.046
02/03/2023,21:36:56,0.041
02/03/2023,21:36:57,0.046
02/03/2023,21:36:58,0.046
02/03/2023,21:36:59,0.046
02/03/2023,21:37:00,0.037
02/03/2023,21:37:01,0.045
02/03/2023,21:37:02,0.050
02/03/2023,21:37:03,0.038
02/03/2023,21:37:04,0.036
02/03/2023,21:37:05,0.032
02/03/2023,21:37:06,0.034
02/03/2023,21:37:07,0.038
02/03/2023,21:37:08,0.033
02/03/2023,21:37:09,0.032
02/03/2023,21:37:10,0.032
02/03/2023,21:37:11,0.035
02/03/2023,21:37:12,0.059
02/03/2023,21:37:13,0.041
02/03/2023,21:37:14,0.041
02/03/2023,21:37:15,0.036
02/03/2023,21:37:16,0.046
02/03/2023,21:37:17,0.051
02/03/2023,21:37:18,0.085
02/03/2023,21:37:19,0.069
02/03/2023,21:37:20,0.049
02/03/2023,21:37:21,0.050
02/03/2023,21:37:22,0.057
02/03/2023,21:37:23,0.051
02/03/2023,21:37:24,0.047
02/03/2023,21:37:25,0.055
02/03/2023,21:37:26,0.040
02/03/2023,21:37:27,0.056
02/03/2023,21:37:28,0.050
02/03/2023,21:37:29,0.040
02/03/2023,21:37:30,0.057
02/03/2023,21:37:31,0.034
02/03/2023,21:37:32,0.028
02/03/2023,21:37:33,0.041
02/03/2023,21:37:34,0.044
02/03/2023,21:37:35,0.045
02/03/2023,21:37:36,0.029
02/03/2023,21:37:37,0.043
02/03/2023,21:37:38,0.035
02/03/2023,21:37:39,0.037
02/03/2023,21:37:40,0.027
02/03/2023,21:37:41,0.040
02/03/2023,21:37:42,0.032
02/03/2023,21:37:43,0.042
02/03/2023,21:37:44,0.029
02/03/2023,21:37:45,0.040
02/03/2023,21:37:46,0.047

Instrument Name:,SidePak Aerosol Monitor
Model Number:,AM520
Serial Number:,5201701009
Test Name:,Test 7
Start Date:,02/03/2023
Start Time:,10:36:46
Duration (dd:hh:mm:ss):,00:00:01:00
Log Interval (mm:ss):,00:01
Number of points:,60
Description:,

Statistics Channel: ,MC
,Units:,mg/m³
,Average:,0.022
,Minimum:,0.004
,Time of Minimum:,10:37:10
,Date of Minimum:,02/03/2023
,Maximum:,0.045
,Time of Maximum:,10:37:42
,Date of Maximum:,02/03/2023

,TWA:,N/A

Calibration Sensor: ,Aerosol
,Cal factor:,1.00
,Cal date:,02/03/2023
,Cal name:,Factory

Date,Time,MC
MM/dd/yyyy,HH:mm:ss,mg/m³
02/03/2023,22:36:47,0.011
02/03/2023,22:36:48,0.014
02/03/2023,22:36:49,0.016
02/03/2023,22:36:50,0.012
02/03/2023,22:36:51,0.035
02/03/2023,22:36:52,0.033
02/03/2023,22:36:53,0.013
02/03/2023,22:36:54,0.011
02/03/2023,22:36:55,0.015
02/03/2023,22:36:56,0.021
02/03/2023,22:36:57,0.012
02/03/2023,22:36:58,0.015
02/03/2023,22:36:59,0.019
02/03/2023,22:37:00,0.007
02/03/2023,22:37:01,0.004
02/03/2023,22:37:02,0.019
02/03/2023,22:37:03,0.014
02/03/2023,22:37:04,0.013
02/03/2023,22:37:05,0.015
02/03/2023,22:37:06,0.021
02/03/2023,22:37:07,0.013
02/03/2023,22:37:08,0.024
02/03/2023,22:37:09,0.020
02/03/2023,22:37:10,0.004
02/03/2023,22:37:11,0.008
02/03/2023,22:37:12,0.017
02/03/2023,22:37:13,0.011
02/03/2023,22:37:14,0.012
02/03/2023,22:37:15,0.024
02/03/2023,22:37:16,0.011
02/03/2023,22:37:17,0.024
02/03/2023,22:37:18,0.031
02/03/2023,22:37:19,0.029
02/03/2023,22:37:20,0.032
02/03/2023,22:37:21,0.022
02/03/2023,22:37:22,0.019
02/03/2023,22:37:23,0.025
02/03/2023,22:37:24,0.035
02/03/2023,22:37:25,0.024
02/03/2023,22:37:26,0.025
02/03/2023,22:37:27,0.042
02/03/2023,22:37:28,0.026
02/03/2023,22:37:29,0.036
02/03/2023,22:37:30,0.034
02/03/2023,22:37:31,0.031
02/03/2023,22:37:32,0.032
02/03/2023,22:37:33,0.023
02/03/2023,22:37:34,0.040
02/03/2023,22:37:35,0.030
02/03/2023,22:37:36,0.021
02/03/2023,22:37:37,0.038
02/03/2023,22:37:38,0.019
02/03/2023,22:37:39,0.027
02/03/2023,22:37:40,0.029
02/03/2023,22:37:41,0.023
02/03/2023,22:37:42,0.045
02/03/2023,22:37:43,0.019
02/03/2023,22:37:44,0.020
02/03/2023,22:37:45,0.016
02/03/2023,22:37:46,0.029

Instrument Name:,SidePak Aerosol Monitor
Model Number:,AM520
Serial Number:,5201701009
Test Name:,Test 8
Start Date:,02/03/2023
Start Time:,11:36:47
Duration (dd:hh:mm:ss):,00:00:01:00
Log Interval (mm:ss):,00:01
Number of points:,60
Description:,

Statistics Channel: ,MC
,Units:,mg/m³
,Average:,0.016
,Minimum:,0.002
,Time of Minimum:,11:36:54
,Date of Minimum:,02/03/2023
,Maximum:,0.042
,Time of Maximum:,11:37:19
,Date of Maximum:,02/03/2023

,TWA:,N/A

Calibration Sensor: ,Aerosol
,Cal factor:,1.00
,Cal date:,02/03/2023
,Cal name:,Factory

Date,Time,MC
MM/dd/yyyy,HH:mm:ss,mg/m³
02/03/2023,23:36:48,0.006
02/03/2023,23:36:49,0.003
02/03/2023,23:36:50,0.007
02/03/2023,23:36:51,0.007
02/03/2023,23:36:52,0.002
02/03/2023,23:36:53,0.021
02/03/2023,23:36:54,0.002
02/03/2023,23:36:55,0.007
02/03/2023,23:36:56,0.013
02/03/2023,23:36:57,0.004
02/03/2023,23:36:58,0.004
02/03/2023,23:36:59,0.022
02/03/2023,23:37:00,0.006
02/03/2023,23:37:01,0.011
02/03/2023,23:37:02,0.009
02/03/2023,23:37:03,0.009
02/03/2023,23:37:04,0.023
02/03/2023,23:37:05,0.030
02/03/2023,23:37:06,0.020
02/03/2023,23:37:07,0.017
02/03/2023,23:37:08,0.015
02/03/2023,23:37:09,0.025
02/03/2023,23:37:10,0.033
02/03/2023,23:37:11,0.019
02/03/2023,23:37:12,0.025
02/03/2023,23:37:13,0.021
02/03/2023,23:37:14,0.029
02/03/2023,23:37:15,0.025
02/03/2023,23:37:16,0.036
02/03/2023,23:37:17,0.025
02/03/2023,23:37:18,0.021
02/03/2023,23:37:19,0.042
02/03/2023,23:37:20,0.018
02/03/2023,23:37:21,0.022
02/03/2023,23:37:22,0.019
02/03/2023,23:37:23,0.018
02/03/2023,23:37:24,0.018
02/03/2023,23:37:25,0.011
02/03/2023,23:37:26,0.015
02/03/2023,23:37:27,0.017
02/03/2023,23:37:28,0.011
02/03/2023,23:37:29,0.013
02/03/2023,23:37:30,0.011
02/03/2023,23:37:31,0.010
02/03/2023,23:37:32,0.017
02/03/2023,23:37:33,0.030
02/03/2023,23:37:34,0.018
02/03/2023,23:37:35,0.027
02/03/2023,23:37:36,0.009
02/03/2023,23:37:37,0.031
02/03/2023,23:37:38,0.008
02/03/2023,23:37:39,0.014
02/03/2023,23:37:40,0.007
02/03/2023,23:37:41,0.008
02/03/2023,23:37:42,0.025
02/03/2023,23:37:43,0.006
02/03/2023,23:37:44,0.007
02/03/2023,23:37:45,0.034
02/03/2023,23:37:46,0.011
02/03/2023,23:37:47,0.003

Instrument Name:,SidePak Aerosol Monitor
Model Number:,AM520
Serial Number:,5201701009
Test Name:,Test 9
Start Date:,02/04/2023
Start Time:,12:36:47
Duration (dd:hh:mm:ss):,00:00:01:00
Log Interval (mm:ss):,00:01
Number of points:,60
Description:,

Statistics Channel: ,MC
,Units:,mg/m³
,Average:,0.010
,Minimum:,0.000
,Time of Minimum:,12:37:34
,Date of Minimum:,02/04/2023
,Maximum:,0.026
,Time of Maximum:,12:36:51
,Date of Maximum:,02/04/2023

,TWA:,N/A

Calibration Sensor: ,Aerosol
,Cal factor:,1.00
,Cal date:,02/03/2023
,Cal name:,Factory

Date,Time,MC
MM/dd/yyyy,HH:mm:ss,mg/m³
02/04/2023,00:36:48,0.016
02/04/2023,00:36:49,0.015
02/04/2023,00:36:50,0.024
02/04/2023,00:36:51,0.026
02/04/2023,00:36:52,0.007
02/04/2023,00:36:53,0.003
02/04/2023,00:36:54,0.000
02/04/2023,00:36:55,0.004
02/04/2023,00:36:56,0.001
02/04/2023,00:36:57,0.000
02/04/2023,00:36:58,0.017
02/04/2023,00:36:59,0.014
02/04/2023,00:37:00,0.015
02/04/2023,00:37:01,0.012
02/04/2023,00:37:02,0.016
02/04/2023,00:37:03,0.019
02/04/2023,00:37:04,0.011
02/04/2023,00:37:05,0.010
02/04/2023,00:37:06,0.004
02/04/2023,00:37:07,0.004
02/04/2023,00:37:08,0.010
02/04/2023,00:37:09,0.004
02/04/2023,00:37:10,0.005
02/04/2023,00:37:11,0.007
02/04/2023,00:37:12,0.019
02/04/2023,00:37:13,0.015
02/04/2023,00:37:14,0.020
02/04/2023,00:37:15,0.013
02/04/2023,00:37:16,0.015
02/04/2023,00:37:17,0.009
02/04/2023,00:37:18,0.005
02/04/2023,00:37:19,0.004
02/04/2023,00:37:20,0.008
02/04/2023,00:37:21,0.000
02/04/2023,00:37:22,0.007
02/04/2023,00:37:23,0.000
02/04/2023,00:37:24,0.006
02/04/2023,00:37:25,0.009
02/04/2023,00:37:26,0.021
02/04/2023,00:37:27,0.011
02/04/2023,00:37:28,0.024
02/04/2023,00:37:29,0.019
02/04/2023,00:37:30,0.009
02/04/2023,00:37:31,0.008
02/04/2023,00:37:32,0.008
02/04/2023,00:37:33,0.001
02/04/2023,00:37:34,0.000
02/04/2023,00:37:35,0.011
02/04/2023,00:37:36,0.010
02/04/2023,00:37:37,0.006
02/04/2023,00:37:38,0.010
02/04/2023,00:37:39,0.007
02/04/2023,00:37:40,0.012
02/04/2023,00:37:41,0.021
02/04/2023,00:37:42,0.015
02/04/2023,00:37:43,0.016
02/04/2023,00:37:44,0.015
02/04/2023,00:37:45,0.009
02/04/2023,00:37:46,0.006
02/04/2023,00:37:47,0.008

Instrument Name:,SidePak Aerosol Monitor
Model Number:,AM520
Serial Number:,5201701009
Test Name:,Test 10
Start Date:,02/04/2023
Start Time:,01:36:47
Duration (dd:hh:mm:ss):,00:00:01:00
Log Interval (mm:ss):,00:01
Number of points:,60
Description:,

Statistics Channel: ,MC
,Units:,mg/m³
,Average:,0.005
,Minimum:,0.000
,Time of Minimum:,01:37:40
,Date of Minimum:,02/04/2023
,Maximum:,0.024
,Time of Maximum:,01:37:19
,Date of Maximum:,02/04/2023

,TWA:,N/A

Calibration Sensor: ,Aerosol
,Cal factor:,1.00
,Cal date:,02/03/2023
,Cal name:,Factory

Date,Time,MC
MM/dd/yyyy,HH:mm:ss,mg/m³
02/04/2023,01:36:48,0.004
02/04/2023,01:36:49,0.007
02/04/2023,01:36:50,0.011
02/04/2023,01:36:51,0.009
02/04/2023,01:36:52,0.013
02/04/2023,01:36:53,0.012
02/04/2023,01:36:54,0.015
02/04/2023,01:36:55,0.010
02/04/2023,01:36:56,0.011
02/04/2023,01:36:57,0.012
02/04/2023,01:36:58,0.005
02/04/2023,01:36:59,0.009
02/04/2023,01:37:00,0.004
02/04/2023,01:37:01,0.000
02/04/2023,01:37:02,0.000
02/04/2023,01:37:03,0.000
02/04/2023,01:37:04,0.000
02/04/2023,01:37:05,0.000
02/04/2023,01:37:06,0.000
02/04/2023,01:37:07,0.000
02/04/2023,01:37:08,0.000
02/04/2023,01:37:09,0.000
02/04/2023,01:37:10,0.000
02/04/2023,01:37:11,0.000
02/04/2023,01:37:12,0.001
02/04/2023,01:37:13,0.002
02/04/2023,01:37:14,0.011
02/04/2023,01:37:15,0.011
02/04/2023,01:37:16,0.015
02/04/2023,01:37:17,0.010
02/04/2023,01:37:18,0.013
02/04/2023,01:37:19,0.024
02/04/2023,01:37:20,0.011
02/04/2023,01:37:21,0.011
02/04/2023,01:37:22,0.009
02/04/2023,01:37:23,0.009
02/04/2023,01:37:24,0.003
02/04/2023,01:37:25,0.000
02/04/2023,01:37:26,0.000
02/04/2023,01:37:27,0.000
02/04/2023,01:37:28,0.000
02/04/2023,01:37:29,0.000
02/04/2023,01:37:30,0.000
02/04/2023,01:37:31,0.000
02/04/2023,01:37:32,0.000
02/04/2023,01:37:33,0.000
02/04/2023,01:37:34,0.018
02/04/2023,01:37:35,0.000
02/04/2023,01:37:36,0.001
02/04/2023,01:37:37,0.000
02/04/2023,01:37:38,0.000
02/04/2023,01:37:39,0.000
02/04/2023,01:37:40,0.000
02/04/2023,01:37:41,0.002
02/04/2023,01:37:42,0.002
02/04/2023,01:37:43,0.005
02/04/2023,01:37:44,0.006
02/04/2023,01:37:45,0.009
02/04/2023,01:37:46,0.012
02/04/2023,01:37:47,0.017

Instrument Name:,SidePak Aerosol Monitor
Model Number:,AM520
Serial Number:,5201701009
Test Name:,Test 11
Start Date:,02/04/2023
Start Time:,02:36:47
Duration (dd:hh:mm:ss):,00:00:01:00
Log Interval (mm:ss):,00:01
Number of points:,60
Description:,

Statistics Channel: ,MC
,Units:,mg/m³
,Average:,0.005
,Minimum:,0.000
,Time of Minimum:,02:37:32
,Date of Minimum:,02/04/2023
,Maximum:,0.018
,Time of Maximum:,02:37:47
,Date of Maximum:,02/04/2023

,TWA:,N/A

Calibration Sensor: ,Aerosol
,Cal factor:,1.00
,Cal date:,02/03/2023
,Cal name:,Factory

Date,Time,MC
MM/dd/yyyy,HH:mm:ss,mg/m³
02/04/2023,02:36:48,0.012
02/04/2023,02:36:49,0.011
02/04/2023,02:36:50,0.008
02/04/2023,02:36:51,0.004
02/04/2023,02:36:52,0.004
02/04/2023,02:36:53,0.010
02/04/2023,02:36:54,0.000
02/04/2023,02:36:55,0.000
02/04/2023,02:36:56,0.000
02/04/2023,02:36:57,0.000
02/04/2023,02:36:58,0.000
02/04/2023,02:36:59,0.000
02/04/2023,02:37:00,0.000
02/04/2023,02:37:01,0.000
02/04/2023,02:37:02,0.000
02/04/2023,02:37:03,0.000
02/04/2023,02:37:04,0.000
02/04/2023,02:37:05,0.000
02/04/2023,02:37:06,0.005
02/04/2023,02:37:07,0.012
02/04/2023,02:37:08,0.007
02/04/2023,02:37:09,0.009
02/04/2023,02:37:10,0.010
02/04/2023,02:37:11,0.014
02/04/2023,02:37:12,0.008
02/04/2023,02:37:13,0.005
02/04/2023,02:37:14,0.002
02/04/2023,02:37:15,0.015
02/04/2023,02:37:16,0.000
02/04/2023,02:37:17,0.000
02/04/2023,02:37:18,0.000
02/04/2023,02:37:19,0.000
02/04/2023,02:37:20,0.000
02/04/2023,02:37:21,0.000
02/04/2023,02:37:22,0.000
02/04/2023,02:37:23,0.000
02/04/2023,02:37:24,0.000
02/04/2023,02:37:25,0.000
02/04/2023,02:37:26,0.000
02/04/2023,02:37:27,0.000
02/04/2023,02:37:28,0.001
02/04/2023,02:37:29,0.000
02/04/2023,02:37:30,0.000
02/04/2023,02:37:31,0.000
02/04/2023,02:37:32,0.000
02/04/2023,02:37:33,0.005
02/04/2023,02:37:34,0.003
02/04/2023,02:37:35,0.004
02/04/2023,02:37:36,0.005
02/04/2023,02:37:37,0.012
02/04/2023,02:37:38,0.009
02/04/2023,02:37:39,0.007
02/04/2023,02:37:40,0.008
02/04/2023,02:37:41,0.014
02/04/2023,02:37:42,0.008
02/04/2023,02:37:43,0.011
02/04/2023,02:37:44,0.012
02/04/2023,02:37:45,0.011
02/04/2023,02:37:46,0.011
02/04/2023,02:37:47,0.018

Instrument Name:,SidePak Aerosol Monitor
Model Number:,AM520
Serial Number:,5201701009
Test Name:,Test 12
Start Date:,02/04/2023
Start Time:,03:36:47
Duration (dd:hh:mm:ss):,00:00:01:00
Log Interval (mm:ss):,00:01
Number of points:,60
Description:,

Statistics Channel: ,MC
,Units:,mg/m³
,Average:,0.004
,Minimum:,0.000
,Time of Minimum:,03:37:30
,Date of Minimum:,02/04/2023
,Maximum:,0.018
,Time of Maximum:,03:37:42
,Date of Maximum:,02/04/2023

,TWA:,N/A

Calibration Sensor: ,Aerosol
,Cal factor:,1.00
,Cal date:,02/03/2023
,Cal name:,Factory

Date,Time,MC
MM/dd/yyyy,HH:mm:ss,mg/m³
02/04/2023,03:36:48,0.007
02/04/2023,03:36:49,0.006
02/04/2023,03:36:50,0.005
02/04/2023,03:36:51,0.008
02/04/2023,03:36:52,0.006
02/04/2023,03:36:53,0.008
02/04/2023,03:36:54,0.009
02/04/2023,03:36:55,0.007
02/04/2023,03:36:56,0.008
02/04/2023,03:36:57,0.009
02/04/2023,03:36:58,0.011
02/04/2023,03:36:59,0.007
02/04/2023,03:37:00,0.009
02/04/2023,03:37:01,0.012
02/04/2023,03:37:02,0.009
02/04/2023,03:37:03,0.006
02/04/2023,03:37:04,0.003
02/04/2023,03:37:05,0.005
02/04/2023,03:37:06,0.000
02/04/2023,03:37:07,0.001
02/04/2023,03:37:08,0.000
02/04/2023,03:37:09,0.005
02/04/2023,03:37:10,0.000
02/04/2023,03:37:11,0.000
02/04/2023,03:37:12,0.000
02/04/2023,03:37:13,0.000
02/04/2023,03:37:14,0.000
02/04/2023,03:37:15,0.000
02/04/2023,03:37:16,0.000
02/04/2023,03:37:17,0.000
02/04/2023,03:37:18,0.000
02/04/2023,03:37:19,0.002
02/04/2023,03:37:20,0.000
02/04/2023,03:37:21,0.000
02/04/2023,03:37:22,0.000
02/04/2023,03:37:23,0.000
02/04/2023,03:37:24,0.000
02/04/2023,03:37:25,0.000
02/04/2023,03:37:26,0.000
02/04/2023,03:37:27,0.000
02/04/2023,03:37:28,0.000
02/04/2023,03:37:29,0.000
02/04/2023,03:37:30,0.000
02/04/2023,03:37:31,0.002
02/04/2023,03:37:32,0.007
02/04/2023,03:37:33,0.010
02/04/2023,03:37:34,0.005
02/04/2023,03:37:35,0.003
02/04/2023,03:37:36,0.007
02/04/2023,03:37:37,0.006
02/04/2023,03:37:38,0.013
02/04/2023,03:37:39,0.010
02/04/2023,03:37:40,0.010
02/04/2023,03:37:41,0.009
02/04/2023,03:37:42,0.018
02/04/2023,03:37:43,0.005
02/04/2023,03:37:44,0.006
02/04/2023,03:37:45,0.004
02/04/2023,03:37:46,0.006
02/04/2023,03:37:47,0.002

Instrument Name:,SidePak Aerosol Monitor
Model Number:,AM520
Serial Number:,5201701009
Test Name:,Test 13
Start Date:,02/04/2023
Start Time:,04:36:47
Duration (dd:hh:mm:ss):,00:00:01:00
Log Interval (mm:ss):,00:01
Number of points:,60
Description:,

Statistics Channel: ,MC
,Units:,mg/m³
,Average:,0.002
,Minimum:,0.000
,Time of Minimum:,04:37:47
,Date of Minimum:,02/04/2023
,Maximum:,0.012
,Time of Maximum:,04:37:32
,Date of Maximum:,02/04/2023

,TWA:,N/A

Calibration Sensor: ,Aerosol
,Cal factor:,1.00
,Cal date:,02/03/2023
,Cal name:,Factory

Date,Time,MC
MM/dd/yyyy,HH:mm:ss,mg/m³
02/04/2023,04:36:48,0.000
02/04/2023,04:36:49,0.000
02/04/2023,04:36:50,0.000
02/04/2023,04:36:51,0.000
02/04/2023,04:36:52,0.000
02/04/2023,04:36:53,0.000
02/04/2023,04:36:54,0.000
02/04/2023,04:36:55,0.000
02/04/2023,04:36:56,0.000
02/04/2023,04:36:57,0.000
02/04/2023,04:36:58,0.000
02/04/2023,04:36:59,0.000
02/04/2023,04:37:00,0.000
02/04/2023,04:37:01,0.000
02/04/2023,04:37:02,0.000
02/04/2023,04:37:03,0.000
02/04/2023,04:37:04,0.000
02/04/2023,04:37:05,0.000
02/04/2023,04:37:06,0.000
02/04/2023,04:37:07,0.000
02/04/2023,04:37:08,0.000
02/04/2023,04:37:09,0.000
02/04/2023,04:37:10,0.000
02/04/2023,04:37:11,0.000
02/04/2023,04:37:12,0.000
02/04/2023,04:37:13,0.000
02/04/2023,04:37:14,0.000
02/04/2023,04:37:15,0.000
02/04/2023,04:37:16,0.000
02/04/2023,04:37:17,0.000
02/04/2023,04:37:18,0.001
02/04/2023,04:37:19,0.000
02/04/2023,04:37:20,0.004
02/04/2023,04:37:21,0.000
02/04/2023,04:37:22,0.002
02/04/2023,04:37:23,0.004
02/04/2023,04:37:24,0.009
02/04/2023,04:37:25,0.012
02/04/2023,04:37:26,0.008
02/04/2023,04:37:27,0.010
02/04/2023,04:37:28,0.007
02/04/2023,04:37:29,0.009
02/04/2023,04:37:30,0.010
02/04/2023,04:37:31,0.010
02/04/2023,04:37:32,0.012
02/04/2023,04:37:33,0.004
02/04/2023,04:37:34,0.002
02/04/2023,04:37:35,0.003
02/04/2023,04:37:36,0.000
02/04/2023,04:37:37,0.000
02/04/2023,04:37:38,0.000
02/04/2023,04:37:39,0.000
02/04/2023,04:37:40,0.000
02/04/2023,04:37:41,0.000
02/04/2023,04:37:42,0.000
02/04/2023,04:37:43,0.000
02/04/2023,04:37:44,0.000
02/04/2023,04:37:45,0.000
02/04/2023,04:37:46,0.000
02/04/2023,04:37:47,0.000

Instrument Name:,SidePak Aerosol Monitor
Model Number:,AM520
Serial Number:,5201701009
Test Name:,Test 14
Start Date:,02/04/2023
Start Time:,05:36:47
Duration (dd:hh:mm:ss):,00:00:01:00
Log Interval (mm:ss):,00:01
Number of points:,60
Description:,

Statistics Channel: ,MC
,Units:,mg/m³
,Average:,0.005
,Minimum:,0.000
,Time of Minimum:,05:37:41
,Date of Minimum:,02/04/2023
,Maximum:,0.025
,Time of Maximum:,05:37:30
,Date of Maximum:,02/04/2023

,TWA:,N/A

Calibration Sensor: ,Aerosol
,Cal factor:,1.00
,Cal date:,02/03/2023
,Cal name:,Factory

Date,Time,MC
MM/dd/yyyy,HH:mm:ss,mg/m³
02/04/2023,05:36:48,0.010
02/04/2023,05:36:49,0.000
02/04/2023,05:36:50,0.000
02/04/2023,05:36:51,0.000
02/04/2023,05:36:52,0.000
02/04/2023,05:36:53,0.000
02/04/2023,05:36:54,0.000
02/04/2023,05:36:55,0.000
02/04/2023,05:36:56,0.000
02/04/2023,05:36:57,0.002
02/04/2023,05:36:58,0.000
02/04/2023,05:36:59,0.000
02/04/2023,05:37:00,0.001
02/04/2023,05:37:01,0.006
02/04/2023,05:37:02,0.002
02/04/2023,05:37:03,0.009
02/04/2023,05:37:04,0.009
02/04/2023,05:37:05,0.011
02/04/2023,05:37:06,0.010
02/04/2023,05:37:07,0.011
02/04/2023,05:37:08,0.020
02/04/2023,05:37:09,0.013
02/04/2023,05:37:10,0.010
02/04/2023,05:37:11,0.009
02/04/2023,05:37:12,0.005
02/04/2023,05:37:13,0.009
02/04/2023,05:37:14,0.003
02/04/2023,05:37:15,0.006
02/04/2023,05:37:16,0.004
02/04/2023,05:37:17,0.000
02/04/2023,05:37:18,0.000
02/04/2023,05:37:19,0.000
02/04/2023,05:37:20,0.000
02/04/2023,05:37:21,0.000
02/04/2023,05:37:22,0.000
02/04/2023,05:37:23,0.000
02/04/2023,05:37:24,0.000
02/04/2023,05:37:25,0.004
02/04/2023,05:37:26,0.006
02/04/2023,05:37:27,0.013
02/04/2023,05:37:28,0.011
02/04/2023,05:37:29,0.016
02/04/2023,05:37:30,0.025
02/04/2023,05:37:31,0.007
02/04/2023,05:37:32,0.011
02/04/2023,05:37:33,0.004
02/04/2023,05:37:34,0.005
02/04/2023,05:37:35,0.000
02/04/2023,05:37:36,0.000
02/04/2023,05:37:37,0.000
02/04/2023,05:37:38,0.000
02/04/2023,05:37:39,0.000
02/04/2023,05:37:40,0.000
02/04/2023,05:37:41,0.000
02/04/2023,05:37:42,0.009
02/04/2023,05:37:43,0.006
02/04/2023,05:37:44,0.006
02/04/2023,05:37:45,0.011
02/04/2023,05:37:46,0.009
02/04/2023,05:37:47,0.010

Instrument Name:,SidePak Aerosol Monitor
Model Number:,AM520
Serial Number:,5201701009
Test Name:,Test 15
Start Date:,02/04/2023
Start Time:,06:36:47
Duration (dd:hh:mm:ss):,00:00:01:00
Log Interval (mm:ss):,00:01
Number of points:,60
Description:,

Statistics Channel: ,MC
,Units:,mg/m³
,Average:,0.005
,Minimum:,0.000
,Time of Minimum:,06:37:46
,Date of Minimum:,02/04/2023
,Maximum:,0.021
,Time of Maximum:,06:36:51
,Date of Maximum:,02/04/2023

,TWA:,N/A

Calibration Sensor: ,Aerosol
,Cal factor:,1.00
,Cal date:,02/03/2023
,Cal name:,Factory

Date,Time,MC
MM/dd/yyyy,HH:mm:ss,mg/m³
02/04/2023,06:36:48,0.007
02/04/2023,06:36:49,0.012
02/04/2023,06:36:50,0.007
02/04/2023,06:36:51,0.021
02/04/2023,06:36:52,0.007
02/04/2023,06:36:53,0.005
02/04/2023,06:36:54,0.013
02/04/2023,06:36:55,0.010
02/04/2023,06:36:56,0.011
02/04/2023,06:36:57,0.009
02/04/2023,06:36:58,0.007
02/04/2023,06:36:59,0.009
02/04/2023,06:37:00,0.007
02/04/2023,06:37:01,0.008
02/04/2023,06:37:02,0.005
02/04/2023,06:37:03,0.012
02/04/2023,06:37:04,0.007
02/04/2023,06:37:05,0.005
02/04/2023,06:37:06,0.005
02/04/2023,06:37:07,0.007
02/04/2023,06:37:08,0.004
02/04/2023,06:37:09,0.002
02/04/2023,06:37:10,0.003
02/04/2023,06:37:11,0.000
02/04/2023,06:37:12,0.000
02/04/2023,06:37:13,0.000
02/04/2023,06:37:14,0.000
02/04/2023,06:37:15,0.000
02/04/2023,06:37:16,0.000
02/04/2023,06:37:17,0.000
02/04/2023,06:37:18,0.000
02/04/2023,06:37:19,0.000
02/04/2023,06:37:20,0.000
02/04/2023,06:37:21,0.000
02/04/2023,06:37:22,0.000
02/04/2023,06:37:23,0.000
02/04/2023,06:37:24,0.000
02/04/2023,06:37:25,0.000
02/04/2023,06:37:26,0.000
02/04/2023,06:37:27,0.016
02/04/2023,06:37:28,0.000
02/04/2023,06:37:29,0.004
02/04/2023,06:37:30,0.005
02/04/2023,06:37:31,0.007
02/04/2023,06:37:32,0.010
02/04/2023,06:37:33,0.015
02/04/2023,06:37:34,0.009
02/04/2023,06:37:35,0.007
02/04/2023,06:37:36,0.006
02/04/2023,06:37:37,0.007
02/04/2023,06:37:38,0.008
02/04/2023,06:37:39,0.007
02/04/2023,06:37:40,0.001
02/04/2023,06:37:41,0.000
02/04/2023,06:37:42,0.001
02/04/2023,06:37:43,0.000
02/04/2023,06:37:44,0.000
02/04/2023,06:37:45,0.001
02/04/2023,06:37:46,0.000
02/04/2023,06:37:47,0.001

Instrument Name:,SidePak Aerosol Monitor
Model Number:,AM520
Serial Number:,5201701009
Test Name:,Test 16
Start Date:,02/04/2023
Start Time:,07:36:47
Duration (dd:hh:mm:ss):,00:00:01:00
Log Interval (mm:ss):,00:01
Number of points:,60
Description:,

Statistics Channel: ,MC
,Units:,mg/m³
,Average:,0.012
,Minimum:,0.000
,Time of Minimum:,07:37:33
,Date of Minimum:,02/04/2023
,Maximum:,0.044
,Time of Maximum:,07:37:08
,Date of Maximum:,02/04/2023

,TWA:,N/A

Calibration Sensor: ,Aerosol
,Cal factor:,1.00
,Cal date:,02/03/2023
,Cal name:,Factory

Date,Time,MC
MM/dd/yyyy,HH:mm:ss,mg/m³
02/04/2023,07:36:48,0.007
02/04/2023,07:36:49,0.017
02/04/2023,07:36:50,0.000
02/04/2023,07:36:51,0.012
02/04/2023,07:36:52,0.000
02/04/2023,07:36:53,0.001
02/04/2023,07:36:54,0.000
02/04/2023,07:36:55,0.005
02/04/2023,07:36:56,0.000
02/04/2023,07:36:57,0.004
02/04/2023,07:36:58,0.008
02/04/2023,07:36:59,0.012
02/04/2023,07:37:00,0.010
02/04/2023,07:37:01,0.023
02/04/2023,07:37:02,0.021
02/04/2023,07:37:03,0.011
02/04/2023,07:37:04,0.019
02/04/2023,07:37:05,0.036
02/04/2023,07:37:06,0.012
02/04/2023,07:37:07,0.016
02/04/2023,07:37:08,0.044
02/04/2023,07:37:09,0.019
02/04/2023,07:37:10,0.020
02/04/2023,07:37:11,0.023
02/04/2023,07:37:12,0.024
02/04/2023,07:37:13,0.014
02/04/2023,07:37:14,0.023
02/04/2023,07:37:15,0.014
02/04/2023,07:37:16,0.020
02/04/2023,07:37:17,0.012
02/04/2023,07:37:18,0.016
02/04/2023,07:37:19,0.012
02/04/2023,07:37:20,0.011
02/04/2023,07:37:21,0.015
02/04/2023,07:37:22,0.014
02/04/2023,07:37:23,0.001
02/04/2023,07:37:24,0.015
02/04/2023,07:37:25,0.000
02/04/2023,07:37:26,0.010
02/04/2023,07:37:27,0.001
02/04/2023,07:37:28,0.007
02/04/2023,07:37:29,0.000
02/04/2023,07:37:30,0.008
02/04/2023,07:37:31,0.003
02/04/2023,07:37:32,0.006
02/04/2023,07:37:33,0.000
02/04/2023,07:37:34,0.002
02/04/2023,07:37:35,0.003
02/04/2023,07:37:36,0.009
02/04/2023,07:37:37,0.012
02/04/2023,07:37:38,0.012
02/04/2023,07:37:39,0.009
02/04/2023,07:37:40,0.010
02/04/2023,07:37:41,0.012
02/04/2023,07:37:42,0.015
02/04/2023,07:37:43,0.011
02/04/2023,07:37:44,0.016
02/04/2023,07:37:45,0.022
02/04/2023,07:37:46,0.016
02/04/2023,07:37:47,0.016

Instrument Name:,SidePak Aerosol Monitor
Model Number:,AM520
Serial Number:,5201701009
Test Name:,Test 17
Start Date:,02/04/2023
Start Time:,08:36:47
Duration (dd:hh:mm:ss):,00:00:01:00
Log Interval (mm:ss):,00:01
Number of points:,60
Description:,

Statistics Channel: ,MC
,Units:,mg/m³
,Average:,0.007
,Minimum:,0.000
,Time of Minimum:,08:37:46
,Date of Minimum:,02/04/2023
,Maximum:,0.039
,Time of Maximum:,08:37:33
,Date of Maximum:,02/04/2023

,TWA:,N/A

Calibration Sensor: ,Aerosol
,Cal factor:,1.00
,Cal date:,02/03/2023
,Cal name:,Factory

Date,Time,MC
MM/dd/yyyy,HH:mm:ss,mg/m³
02/04/2023,08:36:48,0.013
02/04/2023,08:36:49,0.025
02/04/2023,08:36:50,0.020
02/04/2023,08:36:51,0.013
02/04/2023,08:36:52,0.035
02/04/2023,08:36:53,0.013
02/04/2023,08:36:54,0.016
02/04/2023,08:36:55,0.010
02/04/2023,08:36:56,0.009
02/04/2023,08:36:57,0.002
02/04/2023,08:36:58,0.000
02/04/2023,08:36:59,0.011
02/04/2023,08:37:00,0.001
02/04/2023,08:37:01,0.000
02/04/2023,08:37:02,0.000
02/04/2023,08:37:03,0.000
02/04/2023,08:37:04,0.001
02/04/2023,08:37:05,0.000
02/04/2023,08:37:06,0.000
02/04/2023,08:37:07,0.000
02/04/2023,08:37:08,0.000
02/04/2023,08:37:09,0.000
02/04/2023,08:37:10,0.000
02/04/2023,08:37:11,0.000
02/04/2023,08:37:12,0.000
02/04/2023,08:37:13,0.000
02/04/2023,08:37:14,0.000
02/04/2023,08:37:15,0.002
02/04/2023,08:37:16,0.000
02/04/2023,08:37:17,0.000
02/04/2023,08:37:18,0.002
02/04/2023,08:37:19,0.012
02/04/2023,08:37:20,0.000
02/04/2023,08:37:21,0.003
02/04/2023,08:37:22,0.006
02/04/2023,08:37:23,0.005
02/04/2023,08:37:24,0.004
02/04/2023,08:37:25,0.009
02/04/2023,08:37:26,0.011
02/04/2023,08:37:27,0.014
02/04/2023,08:37:28,0.015
02/04/2023,08:37:29,0.008
02/04/2023,08:37:30,0.010
02/04/2023,08:37:31,0.010
02/04/2023,08:37:32,0.015
02/04/2023,08:37:33,0.039
02/04/2023,08:37:34,0.012
02/04/2023,08:37:35,0.017
02/04/2023,08:37:36,0.015
02/04/2023,08:37:37,0.014
02/04/2023,08:37:38,0.013
02/04/2023,08:37:39,0.011
02/04/2023,08:37:40,0.005
02/04/2023,08:37:41,0.004
02/04/2023,08:37:42,0.000
02/04/2023,08:37:43,0.001
02/04/2023,08:37:44,0.000
02/04/2023,08:37:45,0.000
02/04/2023,08:37:46,0.000
02/04/2023,08:37:47,0.002

Instrument Name:,SidePak Aerosol Monitor
Model Number:,AM520
Serial Number:,5201701009
Test Name:,Test 18
Start Date:,02/04/2023
Start Time:,09:36:48
Duration (dd:hh:mm:ss):,00:00:01:00
Log Interval (mm:ss):,00:01
Number of points:,60
Description:,

Statistics Channel: ,MC
,Units:,mg/m³
,Average:,0.008
,Minimum:,0.000
,Time of Minimum:,09:37:40
,Date of Minimum:,02/04/2023
,Maximum:,0.044
,Time of Maximum:,09:36:55
,Date of Maximum:,02/04/2023

,TWA:,N/A

Calibration Sensor: ,Aerosol
,Cal factor:,1.00
,Cal date:,02/03/2023
,Cal name:,Factory

Date,Time,MC
MM/dd/yyyy,HH:mm:ss,mg/m³
02/04/2023,09:36:49,0.010
02/04/2023,09:36:50,0.008
02/04/2023,09:36:51,0.018
02/04/2023,09:36:52,0.013
02/04/2023,09:36:53,0.015
02/04/2023,09:36:54,0.012
02/04/2023,09:36:55,0.044
02/04/2023,09:36:56,0.010
02/04/2023,09:36:57,0.008
02/04/2023,09:36:58,0.010
02/04/2023,09:36:59,0.006
02/04/2023,09:37:00,0.007
02/04/2023,09:37:01,0.007
02/04/2023,09:37:02,0.003
02/04/2023,09:37:03,0.000
02/04/2023,09:37:04,0.006
02/04/2023,09:37:05,0.000
02/04/2023,09:37:06,0.000
02/04/2023,09:37:07,0.000
02/04/2023,09:37:08,0.000
02/04/2023,09:37:09,0.000
02/04/2023,09:37:10,0.000
02/04/2023,09:37:11,0.000
02/04/2023,09:37:12,0.000
02/04/2023,09:37:13,0.000
02/04/2023,09:37:14,0.002
02/04/2023,09:37:15,0.005
02/04/2023,09:37:16,0.011
02/04/2023,09:37:17,0.012
02/04/2023,09:37:18,0.011
02/04/2023,09:37:19,0.018
02/04/2023,09:37:20,0.013
02/04/2023,09:37:21,0.017
02/04/2023,09:37:22,0.027
02/04/2023,09:37:23,0.012
02/04/2023,09:37:24,0.015
02/04/2023,09:37:25,0.014
02/04/2023,09:37:26,0.008
02/04/2023,09:37:27,0.008
02/04/2023,09:37:28,0.015
02/04/2023,09:37:29,0.010
02/04/2023,09:37:30,0.010
02/04/2023,09:37:31,0.003
02/04/2023,09:37:32,0.000
02/04/2023,09:37:33,0.000
02/04/2023,09:37:34,0.000
02/04/2023,09:37:35,0.000
02/04/2023,09:37:36,0.000
02/04/2023,09:37:37,0.000
02/04/2023,09:37:38,0.002
02/04/2023,09:37:39,0.001
02/04/2023,09:37:40,0.000
02/04/2023,09:37:41,0.003
02/04/2023,09:37:42,0.006
02/04/2023,09:37:43,0.008
02/04/2023,09:37:44,0.004
02/04/2023,09:37:45,0.022
02/04/2023,09:37:46,0.012
02/04/2023,09:37:47,0.012
02/04/2023,09:37:48,0.014

Instrument Name:,SidePak Aerosol Monitor
Model Number:,AM520
Serial Number:,5201701009
Test Name:,Test 19
Start Date:,02/04/2023
Start Time:,10:36:48
Duration (dd:hh:mm:ss):,00:00:01:00
Log Interval (mm:ss):,00:01
Number of points:,60
Description:,

Statistics Channel: ,MC
,Units:,mg/m³
,Average:,0.026
,Minimum:,0.013
,Time of Minimum:,10:37:48
,Date of Minimum:,02/04/2023
,Maximum:,0.047
,Time of Maximum:,10:37:27
,Date of Maximum:,02/04/2023

,TWA:,N/A

Calibration Sensor: ,Aerosol
,Cal factor:,1.00
,Cal date:,02/03/2023
,Cal name:,Factory

Date,Time,MC
MM/dd/yyyy,HH:mm:ss,mg/m³
02/04/2023,10:36:49,0.043
02/04/2023,10:36:50,0.032
02/04/2023,10:36:51,0.032
02/04/2023,10:36:52,0.028
02/04/2023,10:36:53,0.030
02/04/2023,10:36:54,0.033
02/04/2023,10:36:55,0.022
02/04/2023,10:36:56,0.030
02/04/2023,10:36:57,0.027
02/04/2023,10:36:58,0.044
02/04/2023,10:36:59,0.032
02/04/2023,10:37:00,0.033
02/04/2023,10:37:01,0.026
02/04/2023,10:37:02,0.030
02/04/2023,10:37:03,0.033
02/04/2023,10:37:04,0.026
02/04/2023,10:37:05,0.038
02/04/2023,10:37:06,0.031
02/04/2023,10:37:07,0.032
02/04/2023,10:37:08,0.031
02/04/2023,10:37:09,0.025
02/04/2023,10:37:10,0.026
02/04/2023,10:37:11,0.030
02/04/2023,10:37:12,0.031
02/04/2023,10:37:13,0.034
02/04/2023,10:37:14,0.027
02/04/2023,10:37:15,0.025
02/04/2023,10:37:16,0.039
02/04/2023,10:37:17,0.033
02/04/2023,10:37:18,0.018
02/04/2023,10:37:19,0.024
02/04/2023,10:37:20,0.023
02/04/2023,10:37:21,0.023
02/04/2023,10:37:22,0.028
02/04/2023,10:37:23,0.024
02/04/2023,10:37:24,0.021
02/04/2023,10:37:25,0.026
02/04/2023,10:37:26,0.025
02/04/2023,10:37:27,0.047
02/04/2023,10:37:28,0.017
02/04/2023,10:37:29,0.024
02/04/2023,10:37:30,0.016
02/04/2023,10:37:31,0.022
02/04/2023,10:37:32,0.024
02/04/2023,10:37:33,0.025
02/04/2023,10:37:34,0.020
02/04/2023,10:37:35,0.022
02/04/2023,10:37:36,0.019
02/04/2023,10:37:37,0.021
02/04/2023,10:37:38,0.023
02/04/2023,10:37:39,0.019
02/04/2023,10:37:40,0.024
02/04/2023,10:37:41,0.017
02/04/2023,10:37:42,0.020
02/04/2023,10:37:43,0.021
02/04/2023,10:37:44,0.021
02/04/2023,10:37:45,0.013
02/04/2023,10:37:46,0.013
02/04/2023,10:37:47,0.013
02/04/2023,10:37:48,0.013

Instrument Name:,SidePak Aerosol Monitor
Model Number:,AM520
Serial Number:,5201701009
Test Name:,Test 20
Start Date:,02/04/2023
Start Time:,11:36:48
Duration (dd:hh:mm:ss):,00:00:01:00
Log Interval (mm:ss):,00:01
Number of points:,60
Description:,

Statistics Channel: ,MC
,Units:,mg/m³
,Average:,0.020
,Minimum:,0.001
,Time of Minimum:,11:37:17
,Date of Minimum:,02/04/2023
,Maximum:,0.048
,Time of Maximum:,11:37:30
,Date of Maximum:,02/04/2023

,TWA:,N/A

Calibration Sensor: ,Aerosol
,Cal factor:,1.00
,Cal date:,02/03/2023
,Cal name:,Factory

Date,Time,MC
MM/dd/yyyy,HH:mm:ss,mg/m³
02/04/2023,11:36:49,0.013
02/04/2023,11:36:50,0.010
02/04/2023,11:36:51,0.013
02/04/2023,11:36:52,0.010
02/04/2023,11:36:53,0.014
02/04/2023,11:36:54,0.014
02/04/2023,11:36:55,0.026
02/04/2023,11:36:56,0.040
02/04/2023,11:36:57,0.023
02/04/2023,11:36:58,0.023
02/04/2023,11:36:59,0.021
02/04/2023,11:37:00,0.028
02/04/2023,11:37:01,0.023
02/04/2023,11:37:02,0.021
02/04/2023,11:37:03,0.022
02/04/2023,11:37:04,0.019
02/04/2023,11:37:05,0.020
02/04/2023,11:37:06,0.025
02/04/2023,11:37:07,0.018
02/04/2023,11:37:08,0.014
02/04/2023,11:37:09,0.015
02/04/2023,11:37:10,0.011
02/04/2023,11:37:11,0.010
02/04/2023,11:37:12,0.009
02/04/2023,11:37:13,0.014
02/04/2023,11:37:14,0.005
02/04/2023,11:37:15,0.005
02/04/2023,11:37:16,0.011
02/04/2023,11:37:17,0.001
02/04/2023,11:37:18,0.017
02/04/2023,11:37:19,0.005
02/04/2023,11:37:20,0.022
02/04/2023,11:37:21,0.005
02/04/2023,11:37:22,0.029
02/04/2023,11:37:23,0.013
02/04/2023,11:37:24,0.019
02/04/2023,11:37:25,0.027
02/04/2023,11:37:26,0.016
02/04/2023,11:37:27,0.015
02/04/2023,11:37:28,0.024
02/04/2023,11:37:29,0.017
02/04/2023,11:37:30,0.048
02/04/2023,11:37:31,0.022
02/04/2023,11:37:32,0.020
02/04/2023,11:37:33,0.032
02/04/2023,11:37:34,0.021
02/04/2023,11:37:35,0.021
02/04/2023,11:37:36,0.028
02/04/2023,11:37:37,0.025
02/04/2023,11:37:38,0.028
02/04/2023,11:37:39,0.023
02/04/2023,11:37:40,0.032
02/04/2023,11:37:41,0.020
02/04/2023,11:37:42,0.022
02/04/2023,11:37:43,0.022
02/04/2023,11:37:44,0.027
02/04/2023,11:37:45,0.034
02/04/2023,11:37:46,0.023
02/04/2023,11:37:47,0.023
02/04/2023,11:37:48,0.020

Instrument Name:,SidePak Aerosol Monitor
Model Number:,AM520
Serial Number:,5201701009
Test Name:,Test 21
Start Date:,02/04/2023
Start Time:,12:36:48
Duration (dd:hh:mm:ss):,00:00:01:00
Log Interval (mm:ss):,00:01
Number of points:,60
Description:,

Statistics Channel: ,MC
,Units:,mg/m³
,Average:,0.012
,Minimum:,0.000
,Time of Minimum:,12:37:31
,Date of Minimum:,02/04/2023
,Maximum:,0.052
,Time of Maximum:,12:36:55
,Date of Maximum:,02/04/2023

,TWA:,N/A

Calibration Sensor: ,Aerosol
,Cal factor:,1.00
,Cal date:,02/03/2023
,Cal name:,Factory

Date,Time,MC
MM/dd/yyyy,HH:mm:ss,mg/m³
02/04/2023,12:36:49,0.005
02/04/2023,12:36:50,0.003
02/04/2023,12:36:51,0.003
02/04/2023,12:36:52,0.011
02/04/2023,12:36:53,0.012
02/04/2023,12:36:54,0.024
02/04/2023,12:36:55,0.052
02/04/2023,12:36:56,0.020
02/04/2023,12:36:57,0.013
02/04/2023,12:36:58,0.013
02/04/2023,12:36:59,0.006
02/04/2023,12:37:00,0.007
02/04/2023,12:37:01,0.000
02/04/2023,12:37:02,0.003
02/04/2023,12:37:03,0.002
02/04/2023,12:37:04,0.015
02/04/2023,12:37:05,0.008
02/04/2023,12:37:06,0.013
02/04/2023,12:37:07,0.017
02/04/2023,12:37:08,0.042
02/04/2023,12:37:09,0.024
02/04/2023,12:37:10,0.016
02/04/2023,12:37:11,0.013
02/04/2023,12:37:12,0.004
02/04/2023,12:37:13,0.013
02/04/2023,12:37:14,0.000
02/04/2023,12:37:15,0.000
02/04/2023,12:37:16,0.002
02/04/2023,12:37:17,0.016
02/04/2023,12:37:18,0.017
02/04/2023,12:37:19,0.014
02/04/2023,12:37:20,0.016
02/04/2023,12:37:21,0.033
02/04/2023,12:37:22,0.019
02/04/2023,12:37:23,0.018
02/04/2023,12:37:24,0.012
02/04/2023,12:37:25,0.023
02/04/2023,12:37:26,0.009
02/04/2023,12:37:27,0.005
02/04/2023,12:37:28,0.003
02/04/2023,12:37:29,0.000
02/04/2023,12:37:30,0.002
02/04/2023,12:37:31,0.000
02/04/2023,12:37:32,0.007
02/04/2023,12:37:33,0.016
02/04/2023,12:37:34,0.012
02/04/2023,12:37:35,0.019
02/04/2023,12:37:36,0.021
02/04/2023,12:37:37,0.026
02/04/2023,12:37:38,0.030
02/04/2023,12:37:39,0.021
02/04/2023,12:37:40,0.014
02/04/2023,12:37:41,0.008
02/04/2023,12:37:42,0.009
02/04/2023,12:37:43,0.001
02/04/2023,12:37:44,0.003
02/04/2023,12:37:45,0.001
02/04/2023,12:37:46,0.017
02/04/2023,12:37:47,0.009
02/04/2023,12:37:48,0.006

Instrument Name:,SidePak Aerosol Monitor
Model Number:,AM520
Serial Number:,5201701009
Test Name:,Test 22
Start Date:,02/04/2023
Start Time:,01:36:48
Duration (dd:hh:mm:ss):,00:00:01:00
Log Interval (mm:ss):,00:01
Number of points:,60
Description:,

Statistics Channel: ,MC
,Units:,mg/m³
,Average:,0.010
,Minimum:,0.000
,Time of Minimum:,01:37:42
,Date of Minimum:,02/04/2023
,Maximum:,0.034
,Time of Maximum:,01:37:02
,Date of Maximum:,02/04/2023

,TWA:,N/A

Calibration Sensor: ,Aerosol
,Cal factor:,1.00
,Cal date:,02/03/2023
,Cal name:,Factory

Date,Time,MC
MM/dd/yyyy,HH:mm:ss,mg/m³
02/04/2023,13:36:49,0.008
02/04/2023,13:36:50,0.000
02/04/2023,13:36:51,0.004
02/04/2023,13:36:52,0.000
02/04/2023,13:36:53,0.000
02/04/2023,13:36:54,0.000
02/04/2023,13:36:55,0.004
02/04/2023,13:36:56,0.003
02/04/2023,13:36:57,0.012
02/04/2023,13:36:58,0.015
02/04/2023,13:36:59,0.014
02/04/2023,13:37:00,0.015
02/04/2023,13:37:01,0.021
02/04/2023,13:37:02,0.034
02/04/2023,13:37:03,0.018
02/04/2023,13:37:04,0.018
02/04/2023,13:37:05,0.019
02/04/2023,13:37:06,0.013
02/04/2023,13:37:07,0.017
02/04/2023,13:37:08,0.010
02/04/2023,13:37:09,0.008
02/04/2023,13:37:10,0.008
02/04/2023,13:37:11,0.002
02/04/2023,13:37:12,0.002
02/04/2023,13:37:13,0.000
02/04/2023,13:37:14,0.003
02/04/2023,13:37:15,0.002
02/04/2023,13:37:16,0.003
02/04/2023,13:37:17,0.003
02/04/2023,13:37:18,0.011
02/04/2023,13:37:19,0.014
02/04/2023,13:37:20,0.014
02/04/2023,13:37:21,0.017
02/04/2023,13:37:22,0.022
02/04/2023,13:37:23,0.025
02/04/2023,13:37:24,0.020
02/04/2023,13:37:25,0.019
02/04/2023,13:37:26,0.020
02/04/2023,13:37:27,0.024
02/04/2023,13:37:28,0.017
02/04/2023,13:37:29,0.020
02/04/2023,13:37:30,0.015
02/04/2023,13:37:31,0.009
02/04/2023,13:37:32,0.010
02/04/2023,13:37:33,0.009
02/04/2023,13:37:34,0.002
02/04/2023,13:37:35,0.005
02/04/2023,13:37:36,0.000
02/04/2023,13:37:37,0.003
02/04/2023,13:37:38,0.006
02/04/2023,13:37:39,0.000
02/04/2023,13:37:40,0.000
02/04/2023,13:37:41,0.001
02/04/2023,13:37:42,0.000
02/04/2023,13:37:43,0.004
02/04/2023,13:37:44,0.005
02/04/2023,13:37:45,0.005
02/04/2023,13:37:46,0.004
02/04/2023,13:37:47,0.007
02/04/2023,13:37:48,0.008

Instrument Name:,SidePak Aerosol Monitor
Model Number:,AM520
Serial Number:,5201701009
Test Name:,Test 23
Start Date:,02/04/2023
Start Time:,02:36:48
Duration (dd:hh:mm:ss):,00:00:01:00
Log Interval (mm:ss):,00:01
Number of points:,60
Description:,

Statistics Channel: ,MC
,Units:,mg/m³
,Average:,0.008
,Minimum:,0.000
,Time of Minimum:,02:37:47
,Date of Minimum:,02/04/2023
,Maximum:,0.032
,Time of Maximum:,02:37:07
,Date of Maximum:,02/04/2023

,TWA:,N/A

Calibration Sensor: ,Aerosol
,Cal factor:,1.00
,Cal date:,02/03/2023
,Cal name:,Factory

Date,Time,MC
MM/dd/yyyy,HH:mm:ss,mg/m³
02/04/2023,14:36:49,0.013
02/04/2023,14:36:50,0.020
02/04/2023,14:36:51,0.027
02/04/2023,14:36:52,0.021
02/04/2023,14:36:53,0.020
02/04/2023,14:36:54,0.021
02/04/2023,14:36:55,0.018
02/04/2023,14:36:56,0.016
02/04/2023,14:36:57,0.015
02/04/2023,14:36:58,0.022
02/04/2023,14:36:59,0.013
02/04/2023,14:37:00,0.015
02/04/2023,14:37:01,0.012
02/04/2023,14:37:02,0.013
02/04/2023,14:37:03,0.016
02/04/2023,14:37:04,0.020
02/04/2023,14:37:05,0.004
02/04/2023,14:37:06,0.006
02/04/2023,14:37:07,0.032
02/04/2023,14:37:08,0.010
02/04/2023,14:37:09,0.012
02/04/2023,14:37:10,0.007
02/04/2023,14:37:11,0.002
02/04/2023,14:37:12,0.009
02/04/2023,14:37:13,0.000
02/04/2023,14:37:14,0.001
02/04/2023,14:37:15,0.004
02/04/2023,14:37:16,0.005
02/04/2023,14:37:17,0.010
02/04/2023,14:37:18,0.002
02/04/2023,14:37:19,0.006
02/04/2023,14:37:20,0.003
02/04/2023,14:37:21,0.003
02/04/2023,14:37:22,0.000
02/04/2023,14:37:23,0.000
02/04/2023,14:37:24,0.004
02/04/2023,14:37:25,0.000
02/04/2023,14:37:26,0.000
02/04/2023,14:37:27,0.003
02/04/2023,14:37:28,0.003
02/04/2023,14:37:29,0.002
02/04/2023,14:37:30,0.002
02/04/2023,14:37:31,0.000
02/04/2023,14:37:32,0.000
02/04/2023,14:37:33,0.014
02/04/2023,14:37:34,0.000
02/04/2023,14:37:35,0.017
02/04/2023,14:37:36,0.000
02/04/2023,14:37:37,0.000
02/04/2023,14:37:38,0.002
02/04/2023,14:37:39,0.004
02/04/2023,14:37:40,0.000
02/04/2023,14:37:41,0.008
02/04/2023,14:37:42,0.001
02/04/2023,14:37:43,0.008
02/04/2023,14:37:44,0.009
02/04/2023,14:37:45,0.000
02/04/2023,14:37:46,0.002
02/04/2023,14:37:47,0.000
02/04/2023,14:37:48,0.006

Instrument Name:,SidePak Aerosol Monitor
Model Number:,AM520
Serial Number:,5201701009
Test Name:,Test 24
Start Date:,02/04/2023
Start Time:,03:36:48
Duration (dd:hh:mm:ss):,00:00:01:00
Log Interval (mm:ss):,00:01
Number of points:,60
Description:,

Statistics Channel: ,MC
,Units:,mg/m³
,Average:,0.012
,Minimum:,0.000
,Time of Minimum:,03:37:46
,Date of Minimum:,02/04/2023
,Maximum:,0.137
,Time of Maximum:,03:37:18
,Date of Maximum:,02/04/2023

,TWA:,N/A

Calibration Sensor: ,Aerosol
,Cal factor:,1.00
,Cal date:,02/03/2023
,Cal name:,Factory

Date,Time,MC
MM/dd/yyyy,HH:mm:ss,mg/m³
02/04/2023,15:36:49,0.010
02/04/2023,15:36:50,0.007
02/04/2023,15:36:51,0.006
02/04/2023,15:36:52,0.015
02/04/2023,15:36:53,0.004
02/04/2023,15:36:54,0.010
02/04/2023,15:36:55,0.004
02/04/2023,15:36:56,0.002
02/04/2023,15:36:57,0.004
02/04/2023,15:36:58,0.005
02/04/2023,15:36:59,0.000
02/04/2023,15:37:00,0.008
02/04/2023,15:37:01,0.002
02/04/2023,15:37:02,0.007
02/04/2023,15:37:03,0.000
02/04/2023,15:37:04,0.000
02/04/2023,15:37:05,0.000
02/04/2023,15:37:06,0.004
02/04/2023,15:37:07,0.021
02/04/2023,15:37:08,0.008
02/04/2023,15:37:09,0.005
02/04/2023,15:37:10,0.009
02/04/2023,15:37:11,0.006
02/04/2023,15:37:12,0.016
02/04/2023,15:37:13,0.012
02/04/2023,15:37:14,0.020
02/04/2023,15:37:15,0.014
02/04/2023,15:37:16,0.013
02/04/2023,15:37:17,0.014
02/04/2023,15:37:18,0.137
02/04/2023,15:37:19,0.014
02/04/2023,15:37:20,0.014
02/04/2023,15:37:21,0.015
02/04/2023,15:37:22,0.014
02/04/2023,15:37:23,0.018
02/04/2023,15:37:24,0.021
02/04/2023,15:37:25,0.020
02/04/2023,15:37:26,0.020
02/04/2023,15:37:27,0.020
02/04/2023,15:37:28,0.015
02/04/2023,15:37:29,0.012
02/04/2023,15:37:30,0.018
02/04/2023,15:37:31,0.016
02/04/2023,15:37:32,0.019
02/04/2023,15:37:33,0.024
02/04/2023,15:37:34,0.018
02/04/2023,15:37:35,0.016
02/04/2023,15:37:36,0.010
02/04/2023,15:37:37,0.009
02/04/2023,15:37:38,0.011
02/04/2023,15:37:39,0.010
02/04/2023,15:37:40,0.002
02/04/2023,15:37:41,0.005
02/04/2023,15:37:42,0.004
02/04/2023,15:37:43,0.003
02/04/2023,15:37:44,0.002
02/04/2023,15:37:45,0.000
02/04/2023,15:37:46,0.000
02/04/2023,15:37:47,0.007
02/04/2023,15:37:48,0.001

Instrument Name:,SidePak Aerosol Monitor
Model Number:,AM520
Serial Number:,5201701009
Test Name:,Test 25
Start Date:,02/04/2023
Start Time:,04:36:48
Duration (dd:hh:mm:ss):,00:00:01:00
Log Interval (mm:ss):,00:01
Number of points:,60
Description:,

Statistics Channel: ,MC
,Units:,mg/m³
,Average:,0.008
,Minimum:,0.000
,Time of Minimum:,04:37:40
,Date of Minimum:,02/04/2023
,Maximum:,0.028
,Time of Maximum:,04:37:04
,Date of Maximum:,02/04/2023

,TWA:,N/A

Calibration Sensor: ,Aerosol
,Cal factor:,1.00
,Cal date:,02/03/2023
,Cal name:,Factory

Date,Time,MC
MM/dd/yyyy,HH:mm:ss,mg/m³
02/04/2023,16:36:49,0.019
02/04/2023,16:36:50,0.021
02/04/2023,16:36:51,0.005
02/04/2023,16:36:52,0.001
02/04/2023,16:36:53,0.000
02/04/2023,16:36:54,0.000
02/04/2023,16:36:55,0.004
02/04/2023,16:36:56,0.000
02/04/2023,16:36:57,0.008
02/04/2023,16:36:58,0.005
02/04/2023,16:36:59,0.008
02/04/2023,16:37:00,0.014
02/04/2023,16:37:01,0.013
02/04/2023,16:37:02,0.014
02/04/2023,16:37:03,0.016
02/04/2023,16:37:04,0.028
02/04/2023,16:37:05,0.009
02/04/2023,16:37:06,0.017
02/04/2023,16:37:07,0.001
02/04/2023,16:37:08,0.000
02/04/2023,16:37:09,0.009
02/04/2023,16:37:10,0.002
02/04/2023,16:37:11,0.000
02/04/2023,16:37:12,0.004
02/04/2023,16:37:13,0.005
02/04/2023,16:37:14,0.010
02/04/2023,16:37:15,0.011
02/04/2023,16:37:16,0.013
02/04/2023,16:37:17,0.014
02/04/2023,16:37:18,0.015
02/04/2023,16:37:19,0.013
02/04/2023,16:37:20,0.007
02/04/2023,16:37:21,0.002
02/04/2023,16:37:22,0.013
02/04/2023,16:37:23,0.000
02/04/2023,16:37:24,0.000
02/04/2023,16:37:25,0.000
02/04/2023,16:37:26,0.006
02/04/2023,16:37:27,0.004
02/04/2023,16:37:28,0.008
02/04/2023,16:37:29,0.009
02/04/2023,16:37:30,0.012
02/04/2023,16:37:31,0.016
02/04/2023,16:37:32,0.009
02/04/2023,16:37:33,0.011
02/04/2023,16:37:34,0.013
02/04/2023,16:37:35,0.003
02/04/2023,16:37:36,0.000
02/04/2023,16:37:37,0.000
02/04/2023,16:37:38,0.000
02/04/2023,16:37:39,0.000
02/04/2023,16:37:40,0.000
02/04/2023,16:37:41,0.005
02/04/2023,16:37:42,0.003
02/04/2023,16:37:43,0.009
02/04/2023,16:37:44,0.012
02/04/2023,16:37:45,0.013
02/04/2023,16:37:46,0.013
02/04/2023,16:37:47,0.013
02/04/2023,16:37:48,0.012

Instrument Name:,SidePak Aerosol Monitor
Model Number:,AM520
Serial Number:,5201701009
Test Name:,Test 26
Start Date:,02/04/2023
Start Time:,05:36:48
Duration (dd:hh:mm:ss):,00:00:01:00
Log Interval (mm:ss):,00:01
Number of points:,60
Description:,

Statistics Channel: ,MC
,Units:,mg/m³
,Average:,0.013
,Minimum:,0.000
,Time of Minimum:,05:37:43
,Date of Minimum:,02/04/2023
,Maximum:,0.033
,Time of Maximum:,05:37:01
,Date of Maximum:,02/04/2023

,TWA:,N/A

Calibration Sensor: ,Aerosol
,Cal factor:,1.00
,Cal date:,02/03/2023
,Cal name:,Factory

Date,Time,MC
MM/dd/yyyy,HH:mm:ss,mg/m³
02/04/2023,17:36:49,0.023
02/04/2023,17:36:50,0.014
02/04/2023,17:36:51,0.016
02/04/2023,17:36:52,0.015
02/04/2023,17:36:53,0.005
02/04/2023,17:36:54,0.014
02/04/2023,17:36:55,0.000
02/04/2023,17:36:56,0.009
02/04/2023,17:36:57,0.014
02/04/2023,17:36:58,0.009
02/04/2023,17:36:59,0.006
02/04/2023,17:37:00,0.009
02/04/2023,17:37:01,0.033
02/04/2023,17:37:02,0.021
02/04/2023,17:37:03,0.022
02/04/2023,17:37:04,0.015
02/04/2023,17:37:05,0.013
02/04/2023,17:37:06,0.014
02/04/2023,17:37:07,0.012
02/04/2023,17:37:08,0.001
02/04/2023,17:37:09,0.006
02/04/2023,17:37:10,0.006
02/04/2023,17:37:11,0.009
02/04/2023,17:37:12,0.013
02/04/2023,17:37:13,0.007
02/04/2023,17:37:14,0.010
02/04/2023,17:37:15,0.018
02/04/2023,17:37:16,0.018
02/04/2023,17:37:17,0.020
02/04/2023,17:37:18,0.028
02/04/2023,17:37:19,0.017
02/04/2023,17:37:20,0.020
02/04/2023,17:37:21,0.012
02/04/2023,17:37:22,0.009
02/04/2023,17:37:23,0.010
02/04/2023,17:37:24,0.005
02/04/2023,17:37:25,0.003
02/04/2023,17:37:26,0.000
02/04/2023,17:37:27,0.000
02/04/2023,17:37:28,0.021
02/04/2023,17:37:29,0.012
02/04/2023,17:37:30,0.013
02/04/2023,17:37:31,0.022
02/04/2023,17:37:32,0.016
02/04/2023,17:37:33,0.021
02/04/2023,17:37:34,0.020
02/04/2023,17:37:35,0.024
02/04/2023,17:37:36,0.017
02/04/2023,17:37:37,0.014
02/04/2023,17:37:38,0.009
02/04/2023,17:37:39,0.003
02/04/2023,17:37:40,0.017
02/04/2023,17:37:41,0.004
02/04/2023,17:37:42,0.004
02/04/2023,17:37:43,0.000
02/04/2023,17:37:44,0.004
02/04/2023,17:37:45,0.008
02/04/2023,17:37:46,0.021
02/04/2023,17:37:47,0.019
02/04/2023,17:37:48,0.019

Instrument Name:,SidePak Aerosol Monitor
Model Number:,AM520
Serial Number:,5201701009
Test Name:,Test 27
Start Date:,02/04/2023
Start Time:,06:36:48
Duration (dd:hh:mm:ss):,00:00:01:00
Log Interval (mm:ss):,00:01
Number of points:,60
Description:,

Statistics Channel: ,MC
,Units:,mg/m³
,Average:,0.013
,Minimum:,0.000
,Time of Minimum:,06:37:43
,Date of Minimum:,02/04/2023
,Maximum:,0.098
,Time of Maximum:,06:37:41
,Date of Maximum:,02/04/2023

,TWA:,N/A

Calibration Sensor: ,Aerosol
,Cal factor:,1.00
,Cal date:,02/03/2023
,Cal name:,Factory

Date,Time,MC
MM/dd/yyyy,HH:mm:ss,mg/m³
02/04/2023,18:36:49,0.013
02/04/2023,18:36:50,0.014
02/04/2023,18:36:51,0.018
02/04/2023,18:36:52,0.015
02/04/2023,18:36:53,0.023
02/04/2023,18:36:54,0.013
02/04/2023,18:36:55,0.022
02/04/2023,18:36:56,0.014
02/04/2023,18:36:57,0.020
02/04/2023,18:36:58,0.018
02/04/2023,18:36:59,0.014
02/04/2023,18:37:00,0.017
02/04/2023,18:37:01,0.013
02/04/2023,18:37:02,0.026
02/04/2023,18:37:03,0.021
02/04/2023,18:37:04,0.010
02/04/2023,18:37:05,0.006
02/04/2023,18:37:06,0.008
02/04/2023,18:37:07,0.006
02/04/2023,18:37:08,0.012
02/04/2023,18:37:09,0.006
02/04/2023,18:37:10,0.014
02/04/2023,18:37:11,0.010
02/04/2023,18:37:12,0.005
02/04/2023,18:37:13,0.003
02/04/2023,18:37:14,0.000
02/04/2023,18:37:15,0.000
02/04/2023,18:37:16,0.000
02/04/2023,18:37:17,0.000
02/04/2023,18:37:18,0.003
02/04/2023,18:37:19,0.013
02/04/2023,18:37:20,0.010
02/04/2023,18:37:21,0.003
02/04/2023,18:37:22,0.008
02/04/2023,18:37:23,0.006
02/04/2023,18:37:24,0.010
02/04/2023,18:37:25,0.014
02/04/2023,18:37:26,0.019
02/04/2023,18:37:27,0.014
02/04/2023,18:37:28,0.015
02/04/2023,18:37:29,0.019
02/04/2023,18:37:30,0.035
02/04/2023,18:37:31,0.033
02/04/2023,18:37:32,0.017
02/04/2023,18:37:33,0.011
02/04/2023,18:37:34,0.020
02/04/2023,18:37:35,0.013
02/04/2023,18:37:36,0.006
02/04/2023,18:37:37,0.008
02/04/2023,18:37:38,0.003
02/04/2023,18:37:39,0.000
02/04/2023,18:37:40,0.003
02/04/2023,18:37:41,0.098
02/04/2023,18:37:42,0.014
02/04/2023,18:37:43,0.000
02/04/2023,18:37:44,0.002
02/04/2023,18:37:45,0.013
02/04/2023,18:37:46,0.012
02/04/2023,18:37:47,0.005
02/04/2023,18:37:48,0.022

Instrument Name:,SidePak Aerosol Monitor
Model Number:,AM520
Serial Number:,5201701009
Test Name:,Test 28
Start Date:,02/04/2023
Start Time:,07:36:49
Duration (dd:hh:mm:ss):,00:00:01:00
Log Interval (mm:ss):,00:01
Number of points:,60
Description:,

Statistics Channel: ,MC
,Units:,mg/m³
,Average:,0.008
,Minimum:,0.000
,Time of Minimum:,07:37:48
,Date of Minimum:,02/04/2023
,Maximum:,0.031
,Time of Maximum:,07:37:03
,Date of Maximum:,02/04/2023

,TWA:,N/A

Calibration Sensor: ,Aerosol
,Cal factor:,1.00
,Cal date:,02/03/2023
,Cal name:,Factory

Date,Time,MC
MM/dd/yyyy,HH:mm:ss,mg/m³
02/04/2023,19:36:50,0.001
02/04/2023,19:36:51,0.004
02/04/2023,19:36:52,0.005
02/04/2023,19:36:53,0.010
02/04/2023,19:36:54,0.011
02/04/2023,19:36:55,0.013
02/04/2023,19:36:56,0.011
02/04/2023,19:36:57,0.022
02/04/2023,19:36:58,0.016
02/04/2023,19:36:59,0.022
02/04/2023,19:37:00,0.017
02/04/2023,19:37:01,0.015
02/04/2023,19:37:02,0.017
02/04/2023,19:37:03,0.031
02/04/2023,19:37:04,0.013
02/04/2023,19:37:05,0.020
02/04/2023,19:37:06,0.013
02/04/2023,19:37:07,0.015
02/04/2023,19:37:08,0.023
02/04/2023,19:37:09,0.020
02/04/2023,19:37:10,0.011
02/04/2023,19:37:11,0.013
02/04/2023,19:37:12,0.014
02/04/2023,19:37:13,0.010
02/04/2023,19:37:14,0.008
02/04/2023,19:37:15,0.005
02/04/2023,19:37:16,0.007
02/04/2023,19:37:17,0.007
02/04/2023,19:37:18,0.004
02/04/2023,19:37:19,0.009
02/04/2023,19:37:20,0.005
02/04/2023,19:37:21,0.003
02/04/2023,19:37:22,0.006
02/04/2023,19:37:23,0.001
02/04/2023,19:37:24,0.001
02/04/2023,19:37:25,0.008
02/04/2023,19:37:26,0.009
02/04/2023,19:37:27,0.003
02/04/2023,19:37:28,0.003
02/04/2023,19:37:29,0.002
02/04/2023,19:37:30,0.012
02/04/2023,19:37:31,0.006
02/04/2023,19:37:32,0.000
02/04/2023,19:37:33,0.004
02/04/2023,19:37:34,0.000
02/04/2023,19:37:35,0.003
02/04/2023,19:37:36,0.003
02/04/2023,19:37:37,0.003
02/04/2023,19:37:38,0.000
02/04/2023,19:37:39,0.000
02/04/2023,19:37:40,0.007
02/04/2023,19:37:41,0.007
02/04/2023,19:37:42,0.005
02/04/2023,19:37:43,0.000
02/04/2023,19:37:44,0.000
02/04/2023,19:37:45,0.000
02/04/2023,19:37:46,0.002
02/04/2023,19:37:47,0.000
02/04/2023,19:37:48,0.000
02/04/2023,19:37:49,0.002

Instrument Name:,SidePak Aerosol Monitor
Model Number:,AM520
Serial Number:,5201701009
Test Name:,Test 29
Start Date:,02/04/2023
Start Time:,08:36:49
Duration (dd:hh:mm:ss):,00:00:01:00
Log Interval (mm:ss):,00:01
Number of points:,60
Description:,

Statistics Channel: ,MC
,Units:,mg/m³
,Average:,0.009
,Minimum:,0.000
,Time of Minimum:,08:37:38
,Date of Minimum:,02/04/2023
,Maximum:,0.023
,Time of Maximum:,08:37:46
,Date of Maximum:,02/04/2023

,TWA:,N/A

Calibration Sensor: ,Aerosol
,Cal factor:,1.00
,Cal date:,02/03/2023
,Cal name:,Factory

Date,Time,MC
MM/dd/yyyy,HH:mm:ss,mg/m³
02/04/2023,20:36:50,0.005
02/04/2023,20:36:51,0.000
02/04/2023,20:36:52,0.002
02/04/2023,20:36:53,0.001
02/04/2023,20:36:54,0.001
02/04/2023,20:36:55,0.013
02/04/2023,20:36:56,0.016
02/04/2023,20:36:57,0.017
02/04/2023,20:36:58,0.017
02/04/2023,20:36:59,0.019
02/04/2023,20:37:00,0.016
02/04/2023,20:37:01,0.019
02/04/2023,20:37:02,0.010
02/04/2023,20:37:03,0.012
02/04/2023,20:37:04,0.010
02/04/2023,20:37:05,0.005
02/04/2023,20:37:06,0.010
02/04/2023,20:37:07,0.006
02/04/2023,20:37:08,0.000
02/04/2023,20:37:09,0.008
02/04/2023,20:37:10,0.007
02/04/2023,20:37:11,0.006
02/04/2023,20:37:12,0.015
02/04/2023,20:37:13,0.009
02/04/2023,20:37:14,0.011
02/04/2023,20:37:15,0.017
02/04/2023,20:37:16,0.014
02/04/2023,20:37:17,0.013
02/04/2023,20:37:18,0.008
02/04/2023,20:37:19,0.009
02/04/2023,20:37:20,0.008
02/04/2023,20:37:21,0.000
02/04/2023,20:37:22,0.000
02/04/2023,20:37:23,0.000
02/04/2023,20:37:24,0.003
02/04/2023,20:37:25,0.015
02/04/2023,20:37:26,0.002
02/04/2023,20:37:27,0.010
02/04/2023,20:37:28,0.016
02/04/2023,20:37:29,0.019
02/04/2023,20:37:30,0.015
02/04/2023,20:37:31,0.013
02/04/2023,20:37:32,0.011
02/04/2023,20:37:33,0.008
02/04/2023,20:37:34,0.008
02/04/2023,20:37:35,0.011
02/04/2023,20:37:36,0.008
02/04/2023,20:37:37,0.000
02/04/2023,20:37:38,0.000
02/04/2023,20:37:39,0.003
02/04/2023,20:37:40,0.002
02/04/2023,20:37:41,0.013
02/04/2023,20:37:42,0.007
02/04/2023,20:37:43,0.010
02/04/2023,20:37:44,0.015
02/04/2023,20:37:45,0.015
02/04/2023,20:37:46,0.023
02/04/2023,20:37:47,0.012
02/04/2023,20:37:48,0.010
02/04/2023,20:37:49,0.008

Instrument Name:,SidePak Aerosol Monitor
Model Number:,AM520
Serial Number:,5201701009
Test Name:,Test 30
Start Date:,02/04/2023
Start Time:,09:36:49
Duration (dd:hh:mm:ss):,00:00:01:00
Log Interval (mm:ss):,00:01
Number of points:,60
Description:,

Statistics Channel: ,MC
,Units:,mg/m³
,Average:,0.014
,Minimum:,0.000
,Time of Minimum:,09:37:49
,Date of Minimum:,02/04/2023
,Maximum:,0.033
,Time of Maximum:,09:37:33
,Date of Maximum:,02/04/2023

,TWA:,N/A

Calibration Sensor: ,Aerosol
,Cal factor:,1.00
,Cal date:,02/03/2023
,Cal name:,Factory

Date,Time,MC
MM/dd/yyyy,HH:mm:ss,mg/m³
02/04/2023,21:36:50,0.005
02/04/2023,21:36:51,0.021
02/04/2023,21:36:52,0.010
02/04/2023,21:36:53,0.007
02/04/2023,21:36:54,0.017
02/04/2023,21:36:55,0.016
02/04/2023,21:36:56,0.015
02/04/2023,21:36:57,0.014
02/04/2023,21:36:58,0.018
02/04/2023,21:36:59,0.017
02/04/2023,21:37:00,0.024
02/04/2023,21:37:01,0.020
02/04/2023,21:37:02,0.019
02/04/2023,21:37:03,0.017
02/04/2023,21:37:04,0.018
02/04/2023,21:37:05,0.013
02/04/2023,21:37:06,0.009
02/04/2023,21:37:07,0.025
02/04/2023,21:37:08,0.016
02/04/2023,21:37:09,0.027
02/04/2023,21:37:10,0.004
02/04/2023,21:37:11,0.006
02/04/2023,21:37:12,0.008
02/04/2023,21:37:13,0.000
02/04/2023,21:37:14,0.001
02/04/2023,21:37:15,0.002
02/04/2023,21:37:16,0.007
02/04/2023,21:37:17,0.013
02/04/2023,21:37:18,0.006
02/04/2023,21:37:19,0.016
02/04/2023,21:37:20,0.009
02/04/2023,21:37:21,0.007
02/04/2023,21:37:22,0.015
02/04/2023,21:37:23,0.018
02/04/2023,21:37:24,0.022
02/04/2023,21:37:25,0.014
02/04/2023,21:37:26,0.016
02/04/2023,21:37:27,0.020
02/04/2023,21:37:28,0.018
02/04/2023,21:37:29,0.014
02/04/2023,21:37:30,0.022
02/04/2023,21:37:31,0.022
02/04/2023,21:37:32,0.021
02/04/2023,21:37:33,0.033
02/04/2023,21:37:34,0.024
02/04/2023,21:37:35,0.027
02/04/2023,21:37:36,0.018
02/04/2023,21:37:37,0.015
02/04/2023,21:37:38,0.021
02/04/2023,21:37:39,0.019
02/04/2023,21:37:40,0.019
02/04/2023,21:37:41,0.014
02/04/2023,21:37:42,0.007
02/04/2023,21:37:43,0.008
02/04/2023,21:37:44,0.011
02/04/2023,21:37:45,0.005
02/04/2023,21:37:46,0.004
02/04/2023,21:37:47,0.007
02/04/2023,21:37:48,0.003
02/04/2023,21:37:49,0.000

Instrument Name:,SidePak Aerosol Monitor
Model Number:,AM520
Serial Number:,5201701009
Test Name:,Test 31
Start Date:,02/04/2023
Start Time:,10:36:49
Duration (dd:hh:mm:ss):,00:00:01:00
Log Interval (mm:ss):,00:01
Number of points:,60
Description:,

Statistics Channel: ,MC
,Units:,mg/m³
,Average:,0.033
,Minimum:,0.010
,Time of Minimum:,10:37:43
,Date of Minimum:,02/04/2023
,Maximum:,0.077
,Time of Maximum:,10:37:17
,Date of Maximum:,02/04/2023

,TWA:,N/A

Calibration Sensor: ,Aerosol
,Cal factor:,1.00
,Cal date:,02/03/2023
,Cal name:,Factory

Date,Time,MC
MM/dd/yyyy,HH:mm:ss,mg/m³
02/04/2023,22:36:50,0.027
02/04/2023,22:36:51,0.023
02/04/2023,22:36:52,0.031
02/04/2023,22:36:53,0.032
02/04/2023,22:36:54,0.050
02/04/2023,22:36:55,0.044
02/04/2023,22:36:56,0.032
02/04/2023,22:36:57,0.041
02/04/2023,22:36:58,0.032
02/04/2023,22:36:59,0.051
02/04/2023,22:37:00,0.033
02/04/2023,22:37:01,0.032
02/04/2023,22:37:02,0.041
02/04/2023,22:37:03,0.031
02/04/2023,22:37:04,0.047
02/04/2023,22:37:05,0.042
02/04/2023,22:37:06,0.035
02/04/2023,22:37:07,0.033
02/04/2023,22:37:08,0.030
02/04/2023,22:37:09,0.033
02/04/2023,22:37:10,0.032
02/04/2023,22:37:11,0.028
02/04/2023,22:37:12,0.037
02/04/2023,22:37:13,0.046
02/04/2023,22:37:14,0.028
02/04/2023,22:37:15,0.042
02/04/2023,22:37:16,0.042
02/04/2023,22:37:17,0.077
02/04/2023,22:37:18,0.034
02/04/2023,22:37:19,0.039
02/04/2023,22:37:20,0.039
02/04/2023,22:37:21,0.035
02/04/2023,22:37:22,0.037
02/04/2023,22:37:23,0.040
02/04/2023,22:37:24,0.039
02/04/2023,22:37:25,0.034
02/04/2023,22:37:26,0.036
02/04/2023,22:37:27,0.050
02/04/2023,22:37:28,0.036
02/04/2023,22:37:29,0.029
02/04/2023,22:37:30,0.043
02/04/2023,22:37:31,0.031
02/04/2023,22:37:32,0.048
02/04/2023,22:37:33,0.022
02/04/2023,22:37:34,0.023
02/04/2023,22:37:35,0.024
02/04/2023,22:37:36,0.017
02/04/2023,22:37:37,0.017
02/04/2023,22:37:38,0.038
02/04/2023,22:37:39,0.018
02/04/2023,22:37:40,0.017
02/04/2023,22:37:41,0.018
02/04/2023,22:37:42,0.016
02/04/2023,22:37:43,0.010
02/04/2023,22:37:44,0.013
02/04/2023,22:37:45,0.028
02/04/2023,22:37:46,0.011
02/04/2023,22:37:47,0.024
02/04/2023,22:37:48,0.037
02/04/2023,22:37:49,0.020

Instrument Name:,SidePak Aerosol Monitor
Model Number:,AM520
Serial Number:,5201701009
Test Name:,Test 32
Start Date:,02/04/2023
Start Time:,11:36:49
Duration (dd:hh:mm:ss):,00:00:01:00
Log Interval (mm:ss):,00:01
Number of points:,60
Description:,

Statistics Channel: ,MC
,Units:,mg/m³
,Average:,0.035
,Minimum:,0.019
,Time of Minimum:,11:37:48
,Date of Minimum:,02/04/2023
,Maximum:,0.070
,Time of Maximum:,11:36:58
,Date of Maximum:,02/04/2023

,TWA:,N/A

Calibration Sensor: ,Aerosol
,Cal factor:,1.00
,Cal date:,02/03/2023
,Cal name:,Factory

Date,Time,MC
MM/dd/yyyy,HH:mm:ss,mg/m³
02/04/2023,23:36:50,0.033
02/04/2023,23:36:51,0.031
02/04/2023,23:36:52,0.030
02/04/2023,23:36:53,0.040
02/04/2023,23:36:54,0.031
02/04/2023,23:36:55,0.040
02/04/2023,23:36:56,0.037
02/04/2023,23:36:57,0.030
02/04/2023,23:36:58,0.070
02/04/2023,23:36:59,0.036
02/04/2023,23:37:00,0.042
02/04/2023,23:37:01,0.032
02/04/2023,23:37:02,0.027
02/04/2023,23:37:03,0.037
02/04/2023,23:37:04,0.029
02/04/2023,23:37:05,0.045
02/04/2023,23:37:06,0.038
02/04/2023,23:37:07,0.040
02/04/2023,23:37:08,0.025
02/04/2023,23:37:09,0.039
02/04/2023,23:37:10,0.034
02/04/2023,23:37:11,0.039
02/04/2023,23:37:12,0.038
02/04/2023,23:37:13,0.034
02/04/2023,23:37:14,0.043
02/04/2023,23:37:15,0.042
02/04/2023,23:37:16,0.028
02/04/2023,23:37:17,0.043
02/04/2023,23:37:18,0.028
02/04/2023,23:37:19,0.036
02/04/2023,23:37:20,0.037
02/04/2023,23:37:21,0.048
02/04/2023,23:37:22,0.039
02/04/2023,23:37:23,0.025
02/04/2023,23:37:24,0.039
02/04/2023,23:37:25,0.035
02/04/2023,23:37:26,0.028
02/04/2023,23:37:27,0.031
02/04/2023,23:37:28,0.027
02/04/2023,23:37:29,0.051
02/04/2023,23:37:30,0.040
02/04/2023,23:37:31,0.028
02/04/2023,23:37:32,0.024
02/04/2023,23:37:33,0.028
02/04/2023,23:37:34,0.029
02/04/2023,23:37:35,0.044
02/04/2023,23:37:36,0.024
02/04/2023,23:37:37,0.046
02/04/2023,23:37:38,0.038
02/04/2023,23:37:39,0.021
02/04/2023,23:37:40,0.027
02/04/2023,23:37:41,0.032
02/04/2023,23:37:42,0.028
02/04/2023,23:37:43,0.049
02/04/2023,23:37:44,0.040
02/04/2023,23:37:45,0.026
02/04/2023,23:37:46,0.031
02/04/2023,23:37:47,0.022
02/04/2023,23:37:48,0.019
02/04/2023,23:37:49,0.034

Instrument Name:,SidePak Aerosol Monitor
Model Number:,AM520
Serial Number:,5201701009
Test Name:,Test 33
Start Date:,02/05/2023
Start Time:,12:36:49
Duration (dd:hh:mm:ss):,00:00:01:00
Log Interval (mm:ss):,00:01
Number of points:,60
Description:,

Statistics Channel: ,MC
,Units:,mg/m³
,Average:,0.039
,Minimum:,0.016
,Time of Minimum:,12:37:19
,Date of Minimum:,02/05/2023
,Maximum:,0.064
,Time of Maximum:,12:37:16
,Date of Maximum:,02/05/2023

,TWA:,N/A

Calibration Sensor: ,Aerosol
,Cal factor:,1.00
,Cal date:,02/03/2023
,Cal name:,Factory

Date,Time,MC
MM/dd/yyyy,HH:mm:ss,mg/m³
02/05/2023,00:36:50,0.047
02/05/2023,00:36:51,0.026
02/05/2023,00:36:52,0.023
02/05/2023,00:36:53,0.027
02/05/2023,00:36:54,0.024
02/05/2023,00:36:55,0.028
02/05/2023,00:36:56,0.049
02/05/2023,00:36:57,0.030
02/05/2023,00:36:58,0.049
02/05/2023,00:36:59,0.054
02/05/2023,00:37:00,0.039
02/05/2023,00:37:01,0.032
02/05/2023,00:37:02,0.049
02/05/2023,00:37:03,0.049
02/05/2023,00:37:04,0.027
02/05/2023,00:37:05,0.028
02/05/2023,00:37:06,0.035
02/05/2023,00:37:07,0.045
02/05/2023,00:37:08,0.031
02/05/2023,00:37:09,0.032
02/05/2023,00:37:10,0.043
02/05/2023,00:37:11,0.047
02/05/2023,00:37:12,0.041
02/05/2023,00:37:13,0.061
02/05/2023,00:37:14,0.055
02/05/2023,00:37:15,0.040
02/05/2023,00:37:16,0.064
02/05/2023,00:37:17,0.038
02/05/2023,00:37:18,0.028
02/05/2023,00:37:19,0.016
02/05/2023,00:37:20,0.022
02/05/2023,00:37:21,0.036
02/05/2023,00:37:22,0.036
02/05/2023,00:37:23,0.042
02/05/2023,00:37:24,0.042
02/05/2023,00:37:25,0.050
02/05/2023,00:37:26,0.062
02/05/2023,00:37:27,0.051
02/05/2023,00:37:28,0.044
02/05/2023,00:37:29,0.047
02/05/2023,00:37:30,0.034
02/05/2023,00:37:31,0.027
02/05/2023,00:37:32,0.037
02/05/2023,00:37:33,0.036
02/05/2023,00:37:34,0.040
02/05/2023,00:37:35,0.039
02/05/2023,00:37:36,0.042
02/05/2023,00:37:37,0.042
02/05/2023,00:37:38,0.044
02/05/2023,00:37:39,0.040
02/05/2023,00:37:40,0.043
02/05/2023,00:37:41,0.040
02/05/2023,00:37:42,0.043
02/05/2023,00:37:43,0.041
02/05/2023,00:37:44,0.032
02/05/2023,00:37:45,0.038
02/05/2023,00:37:46,0.032
02/05/2023,00:37:47,0.025
02/05/2023,00:37:48,0.052
02/05/2023,00:37:49,0.021

Instrument Name:,SidePak Aerosol Monitor
Model Number:,AM520
Serial Number:,5201701009
Test Name:,Test 34
Start Date:,02/05/2023
Start Time:,01:36:49
Duration (dd:hh:mm:ss):,00:00:01:00
Log Interval (mm:ss):,00:01
Number of points:,60
Description:,

Statistics Channel: ,MC
,Units:,mg/m³
,Average:,0.034
,Minimum:,0.013
,Time of Minimum:,01:37:37
,Date of Minimum:,02/05/2023
,Maximum:,0.108
,Time of Maximum:,01:36:51
,Date of Maximum:,02/05/2023

,TWA:,N/A

Calibration Sensor: ,Aerosol
,Cal factor:,1.00
,Cal date:,02/03/2023
,Cal name:,Factory

Date,Time,MC
MM/dd/yyyy,HH:mm:ss,mg/m³
02/05/2023,01:36:50,0.022
02/05/2023,01:36:51,0.108
02/05/2023,01:36:52,0.016
02/05/2023,01:36:53,0.031
02/05/2023,01:36:54,0.024
02/05/2023,01:36:55,0.020
02/05/2023,01:36:56,0.038
02/05/2023,01:36:57,0.030
02/05/2023,01:36:58,0.025
02/05/2023,01:36:59,0.024
02/05/2023,01:37:00,0.033
02/05/2023,01:37:01,0.040
02/05/2023,01:37:02,0.048
02/05/2023,01:37:03,0.040
02/05/2023,01:37:04,0.036
02/05/2023,01:37:05,0.034
02/05/2023,01:37:06,0.039
02/05/2023,01:37:07,0.018
02/05/2023,01:37:08,0.022
02/05/2023,01:37:09,0.026
02/05/2023,01:37:10,0.023
02/05/2023,01:37:11,0.031
02/05/2023,01:37:12,0.040
02/05/2023,01:37:13,0.018
02/05/2023,01:37:14,0.044
02/05/2023,01:37:15,0.044
02/05/2023,01:37:16,0.027
02/05/2023,01:37:17,0.041
02/05/2023,01:37:18,0.036
02/05/2023,01:37:19,0.064
02/05/2023,01:37:20,0.033
02/05/2023,01:37:21,0.052
02/05/2023,01:37:22,0.047
02/05/2023,01:37:23,0.049
02/05/2023,01:37:24,0.038
02/05/2023,01:37:25,0.051
02/05/2023,01:37:26,0.047
02/05/2023,01:37:27,0.034
02/05/2023,01:37:28,0.044
02/05/2023,01:37:29,0.027
02/05/2023,01:37:30,0.043
02/05/2023,01:37:31,0.022
02/05/2023,01:37:32,0.035
02/05/2023,01:37:33,0.028
02/05/2023,01:37:34,0.020
02/05/2023,01:37:35,0.039
02/05/2023,01:37:36,0.021
02/05/2023,01:37:37,0.013
02/05/2023,01:37:38,0.021
02/05/2023,01:37:39,0.026
02/05/2023,01:37:40,0.035
02/05/2023,01:37:41,0.020
02/05/2023,01:37:42,0.024
02/05/2023,01:37:43,0.038
02/05/2023,01:37:44,0.035
02/05/2023,01:37:45,0.039
02/05/2023,01:37:46,0.026
02/05/2023,01:37:47,0.033
02/05/2023,01:37:48,0.042
02/05/2023,01:37:49,0.033

Instrument Name:,SidePak Aerosol Monitor
Model Number:,AM520
Serial Number:,5201701009
Test Name:,Test 35
Start Date:,02/05/2023
Start Time:,02:36:49
Duration (dd:hh:mm:ss):,00:00:01:00
Log Interval (mm:ss):,00:01
Number of points:,60
Description:,

Statistics Channel: ,MC
,Units:,mg/m³
,Average:,0.030
,Minimum:,0.020
,Time of Minimum:,02:37:42
,Date of Minimum:,02/05/2023
,Maximum:,0.049
,Time of Maximum:,02:37:13
,Date of Maximum:,02/05/2023

,TWA:,N/A

Calibration Sensor: ,Aerosol
,Cal factor:,1.00
,Cal date:,02/03/2023
,Cal name:,Factory

Date,Time,MC
MM/dd/yyyy,HH:mm:ss,mg/m³
02/05/2023,02:36:50,0.028
02/05/2023,02:36:51,0.024
02/05/2023,02:36:52,0.027
02/05/2023,02:36:53,0.033
02/05/2023,02:36:54,0.032
02/05/2023,02:36:55,0.026
02/05/2023,02:36:56,0.033
02/05/2023,02:36:57,0.028
02/05/2023,02:36:58,0.022
02/05/2023,02:36:59,0.046
02/05/2023,02:37:00,0.038
02/05/2023,02:37:01,0.031
02/05/2023,02:37:02,0.029
02/05/2023,02:37:03,0.030
02/05/2023,02:37:04,0.039
02/05/2023,02:37:05,0.030
02/05/2023,02:37:06,0.038
02/05/2023,02:37:07,0.025
02/05/2023,02:37:08,0.041
02/05/2023,02:37:09,0.031
02/05/2023,02:37:10,0.027
02/05/2023,02:37:11,0.029
02/05/2023,02:37:12,0.033
02/05/2023,02:37:13,0.049
02/05/2023,02:37:14,0.031
02/05/2023,02:37:15,0.030
02/05/2023,02:37:16,0.042
02/05/2023,02:37:17,0.027
02/05/2023,02:37:18,0.039
02/05/2023,02:37:19,0.031
02/05/2023,02:37:20,0.027
02/05/2023,02:37:21,0.029
02/05/2023,02:37:22,0.036
02/05/2023,02:37:23,0.027
02/05/2023,02:37:24,0.038
02/05/2023,02:37:25,0.035
02/05/2023,02:37:26,0.043
02/05/2023,02:37:27,0.027
02/05/2023,02:37:28,0.025
02/05/2023,02:37:29,0.028
02/05/2023,02:37:30,0.020
02/05/2023,02:37:31,0.021
02/05/2023,02:37:32,0.034
02/05/2023,02:37:33,0.020
02/05/2023,02:37:34,0.038
02/05/2023,02:37:35,0.020
02/05/2023,02:37:36,0.036
02/05/2023,02:37:37,0.026
02/05/2023,02:37:38,0.022
02/05/2023,02:37:39,0.029
02/05/2023,02:37:40,0.025
02/05/2023,02:37:41,0.020
02/05/2023,02:37:42,0.020
02/05/2023,02:37:43,0.025
02/05/2023,02:37:44,0.033
02/05/2023,02:37:45,0.024
02/05/2023,02:37:46,0.028
02/05/2023,02:37:47,0.038
02/05/2023,02:37:48,0.026
02/05/2023,02:37:49,0.034

Instrument Name:,SidePak Aerosol Monitor
Model Number:,AM520
Serial Number:,5201701009
Test Name:,Test 36
Start Date:,02/05/2023
Start Time:,03:36:49
Duration (dd:hh:mm:ss):,00:00:01:00
Log Interval (mm:ss):,00:01
Number of points:,60
Description:,

Statistics Channel: ,MC
,Units:,mg/m³
,Average:,0.015
,Minimum:,0.000
,Time of Minimum:,03:37:26
,Date of Minimum:,02/05/2023
,Maximum:,0.032
,Time of Maximum:,03:37:27
,Date of Maximum:,02/05/2023

,TWA:,N/A

Calibration Sensor: ,Aerosol
,Cal factor:,1.00
,Cal date:,02/03/2023
,Cal name:,Factory

Date,Time,MC
MM/dd/yyyy,HH:mm:ss,mg/m³
02/05/2023,03:36:50,0.006
02/05/2023,03:36:51,0.003
02/05/2023,03:36:52,0.009
02/05/2023,03:36:53,0.011
02/05/2023,03:36:54,0.015
02/05/2023,03:36:55,0.021
02/05/2023,03:36:56,0.027
02/05/2023,03:36:57,0.020
02/05/2023,03:36:58,0.018
02/05/2023,03:36:59,0.016
02/05/2023,03:37:00,0.017
02/05/2023,03:37:01,0.016
02/05/2023,03:37:02,0.009
02/05/2023,03:37:03,0.022
02/05/2023,03:37:04,0.010
02/05/2023,03:37:05,0.002
02/05/2023,03:37:06,0.012
02/05/2023,03:37:07,0.003
02/05/2023,03:37:08,0.017
02/05/2023,03:37:09,0.012
02/05/2023,03:37:10,0.013
02/05/2023,03:37:11,0.018
02/05/2023,03:37:12,0.019
02/05/2023,03:37:13,0.021
02/05/2023,03:37:14,0.025
02/05/2023,03:37:15,0.019
02/05/2023,03:37:16,0.017
02/05/2023,03:37:17,0.025
02/05/2023,03:37:18,0.016
02/05/2023,03:37:19,0.016
02/05/2023,03:37:20,0.015
02/05/2023,03:37:21,0.003
02/05/2023,03:37:22,0.017
02/05/2023,03:37:23,0.004
02/05/2023,03:37:24,0.015
02/05/2023,03:37:25,0.008
02/05/2023,03:37:26,0.000
02/05/2023,03:37:27,0.032
02/05/2023,03:37:28,0.018
02/05/2023,03:37:29,0.009
02/05/2023,03:37:30,0.009
02/05/2023,03:37:31,0.017
02/05/2023,03:37:32,0.015
02/05/2023,03:37:33,0.024
02/05/2023,03:37:34,0.027
02/05/2023,03:37:35,0.022
02/05/2023,03:37:36,0.024
02/05/2023,03:37:37,0.028
02/05/2023,03:37:38,0.020
02/05/2023,03:37:39,0.019
02/05/2023,03:37:40,0.019
02/05/2023,03:37:41,0.019
02/05/2023,03:37:42,0.013
02/05/2023,03:37:43,0.011
02/05/2023,03:37:44,0.007
02/05/2023,03:37:45,0.005
02/05/2023,03:37:46,0.010
02/05/2023,03:37:47,0.004
02/05/2023,03:37:48,0.008
02/05/2023,03:37:49,0.005

Instrument Name:,SidePak Aerosol Monitor
Model Number:,AM520
Serial Number:,5201701009
Test Name:,Test 37
Start Date:,02/05/2023
Start Time:,04:36:49
Duration (dd:hh:mm:ss):,00:00:01:00
Log Interval (mm:ss):,00:01
Number of points:,60
Description:,

Statistics Channel: ,MC
,Units:,mg/m³
,Average:,0.010
,Minimum:,0.000
,Time of Minimum:,04:37:49
,Date of Minimum:,02/05/2023
,Maximum:,0.030
,Time of Maximum:,04:36:50
,Date of Maximum:,02/05/2023

,TWA:,N/A

Calibration Sensor: ,Aerosol
,Cal factor:,1.00
,Cal date:,02/03/2023
,Cal name:,Factory

Date,Time,MC
MM/dd/yyyy,HH:mm:ss,mg/m³
02/05/2023,04:36:50,0.030
02/05/2023,04:36:51,0.015
02/05/2023,04:36:52,0.016
02/05/2023,04:36:53,0.014
02/05/2023,04:36:54,0.012
02/05/2023,04:36:55,0.009
02/05/2023,04:36:56,0.011
02/05/2023,04:36:57,0.020
02/05/2023,04:36:58,0.006
02/05/2023,04:36:59,0.004
02/05/2023,04:37:00,0.010
02/05/2023,04:37:01,0.000
02/05/2023,04:37:02,0.009
02/05/2023,04:37:03,0.000
02/05/2023,04:37:04,0.000
02/05/2023,04:37:05,0.009
02/05/2023,04:37:06,0.001
02/05/2023,04:37:07,0.000
02/05/2023,04:37:08,0.006
02/05/2023,04:37:09,0.003
02/05/2023,04:37:10,0.006
02/05/2023,04:37:11,0.005
02/05/2023,04:37:12,0.010
02/05/2023,04:37:13,0.017
02/05/2023,04:37:14,0.018
02/05/2023,04:37:15,0.017
02/05/2023,04:37:16,0.017
02/05/2023,04:37:17,0.014
02/05/2023,04:37:18,0.015
02/05/2023,04:37:19,0.029
02/05/2023,04:37:20,0.011
02/05/2023,04:37:21,0.014
02/05/2023,04:37:22,0.008
02/05/2023,04:37:23,0.009
02/05/2023,04:37:24,0.010
02/05/2023,04:37:25,0.007
02/05/2023,04:37:26,0.002
02/05/2023,04:37:27,0.005
02/05/2023,04:37:28,0.000
02/05/2023,04:37:29,0.000
02/05/2023,04:37:30,0.001
02/05/2023,04:37:31,0.004
02/05/2023,04:37:32,0.006
02/05/2023,04:37:33,0.011
02/05/2023,04:37:34,0.011
02/05/2023,04:37:35,0.013
02/05/2023,04:37:36,0.011
02/05/2023,04:37:37,0.020
02/05/2023,04:37:38,0.022
02/05/2023,04:37:39,0.016
02/05/2023,04:37:40,0.024
02/05/2023,04:37:41,0.010
02/05/2023,04:37:42,0.015
02/05/2023,04:37:43,0.005
02/05/2023,04:37:44,0.001
02/05/2023,04:37:45,0.012
02/05/2023,04:37:46,0.011
02/05/2023,04:37:47,0.000
02/05/2023,04:37:48,0.005
02/05/2023,04:37:49,0.000

Instrument Name:,SidePak Aerosol Monitor
Model Number:,AM520
Serial Number:,5201701009
Test Name:,Test 38
Start Date:,02/05/2023
Start Time:,05:36:49
Duration (dd:hh:mm:ss):,00:00:01:00
Log Interval (mm:ss):,00:01
Number of points:,60
Description:,

Statistics Channel: ,MC
,Units:,mg/m³
,Average:,0.004
,Minimum:,0.000
,Time of Minimum:,05:37:37
,Date of Minimum:,02/05/2023
,Maximum:,0.022
,Time of Maximum:,05:36:59
,Date of Maximum:,02/05/2023

,TWA:,N/A

Calibration Sensor: ,Aerosol
,Cal factor:,1.00
,Cal date:,02/03/2023
,Cal name:,Factory

Date,Time,MC
MM/dd/yyyy,HH:mm:ss,mg/m³
02/05/2023,05:36:50,0.007
02/05/2023,05:36:51,0.008
02/05/2023,05:36:52,0.002
02/05/2023,05:36:53,0.006
02/05/2023,05:36:54,0.009
02/05/2023,05:36:55,0.003
02/05/2023,05:36:56,0.006
02/05/2023,05:36:57,0.000
02/05/2023,05:36:58,0.008
02/05/2023,05:36:59,0.022
02/05/2023,05:37:00,0.000
02/05/2023,05:37:01,0.001
02/05/2023,05:37:02,0.004
02/05/2023,05:37:03,0.000
02/05/2023,05:37:04,0.001
02/05/2023,05:37:05,0.000
02/05/2023,05:37:06,0.000
02/05/2023,05:37:07,0.000
02/05/2023,05:37:08,0.000
02/05/2023,05:37:09,0.000
02/05/2023,05:37:10,0.002
02/05/2023,05:37:11,0.000
02/05/2023,05:37:12,0.006
02/05/2023,05:37:13,0.000
02/05/2023,05:37:14,0.003
02/05/2023,05:37:15,0.003
02/05/2023,05:37:16,0.000
02/05/2023,05:37:17,0.001
02/05/2023,05:37:18,0.000
02/05/2023,05:37:19,0.000
02/05/2023,05:37:20,0.000
02/05/2023,05:37:21,0.000
02/05/2023,05:37:22,0.001
02/05/2023,05:37:23,0.003
02/05/2023,05:37:24,0.000
02/05/2023,05:37:25,0.000
02/05/2023,05:37:26,0.000
02/05/2023,05:37:27,0.000
02/05/2023,05:37:28,0.000
02/05/2023,05:37:29,0.000
02/05/2023,05:37:30,0.000
02/05/2023,05:37:31,0.000
02/05/2023,05:37:32,0.000
02/05/2023,05:37:33,0.000
02/05/2023,05:37:34,0.000
02/05/2023,05:37:35,0.000
02/05/2023,05:37:36,0.000
02/05/2023,05:37:37,0.000
02/05/2023,05:37:38,0.004
02/05/2023,05:37:39,0.015
02/05/2023,05:37:40,0.007
02/05/2023,05:37:41,0.008
02/05/2023,05:37:42,0.020
02/05/2023,05:37:43,0.013
02/05/2023,05:37:44,0.014
02/05/2023,05:37:45,0.016
02/05/2023,05:37:46,0.011
02/05/2023,05:37:47,0.016
02/05/2023,05:37:48,0.010
02/05/2023,05:37:49,0.012

Instrument Name:,SidePak Aerosol Monitor
Model Number:,AM520
Serial Number:,5201701009
Test Name:,Test 39
Start Date:,02/05/2023
Start Time:,06:36:50
Duration (dd:hh:mm:ss):,00:00:01:00
Log Interval (mm:ss):,00:01
Number of points:,60
Description:,

Statistics Channel: ,MC
,Units:,mg/m³
,Average:,0.005
,Minimum:,0.000
,Time of Minimum:,06:37:36
,Date of Minimum:,02/05/2023
,Maximum:,0.020
,Time of Maximum:,06:37:46
,Date of Maximum:,02/05/2023

,TWA:,N/A

Calibration Sensor: ,Aerosol
,Cal factor:,1.00
,Cal date:,02/03/2023
,Cal name:,Factory

Date,Time,MC
MM/dd/yyyy,HH:mm:ss,mg/m³
02/05/2023,06:36:51,0.002
02/05/2023,06:36:52,0.000
02/05/2023,06:36:53,0.000
02/05/2023,06:36:54,0.000
02/05/2023,06:36:55,0.000
02/05/2023,06:36:56,0.000
02/05/2023,06:36:57,0.000
02/05/2023,06:36:58,0.005
02/05/2023,06:36:59,0.003
02/05/2023,06:37:00,0.011
02/05/2023,06:37:01,0.010
02/05/2023,06:37:02,0.009
02/05/2023,06:37:03,0.011
02/05/2023,06:37:04,0.006
02/05/2023,06:37:05,0.016
02/05/2023,06:37:06,0.005
02/05/2023,06:37:07,0.000
02/05/2023,06:37:08,0.000
02/05/2023,06:37:09,0.000
02/05/2023,06:37:10,0.000
02/05/2023,06:37:11,0.000
02/05/2023,06:37:12,0.000
02/05/2023,06:37:13,0.000
02/05/2023,06:37:14,0.000
02/05/2023,06:37:15,0.001
02/05/2023,06:37:16,0.002
02/05/2023,06:37:17,0.007
02/05/2023,06:37:18,0.012
02/05/2023,06:37:19,0.011
02/05/2023,06:37:20,0.012
02/05/2023,06:37:21,0.011
02/05/2023,06:37:22,0.009
02/05/2023,06:37:23,0.010
02/05/2023,06:37:24,0.007
02/05/2023,06:37:25,0.003
02/05/2023,06:37:26,0.000
02/05/2023,06:37:27,0.000
02/05/2023,06:37:28,0.002
02/05/2023,06:37:29,0.000
02/05/2023,06:37:30,0.000
02/05/2023,06:37:31,0.000
02/05/2023,06:37:32,0.000
02/05/2023,06:37:33,0.000
02/05/2023,06:37:34,0.000
02/05/2023,06:37:35,0.000
02/05/2023,06:37:36,0.000
02/05/2023,06:37:37,0.001
02/05/2023,06:37:38,0.002
02/05/2023,06:37:39,0.007
02/05/2023,06:37:40,0.006
02/05/2023,06:37:41,0.008
02/05/2023,06:37:42,0.012
02/05/2023,06:37:43,0.012
02/05/2023,06:37:44,0.011
02/05/2023,06:37:45,0.011
02/05/2023,06:37:46,0.020
02/05/2023,06:37:47,0.013
02/05/2023,06:37:48,0.009
02/05/2023,06:37:49,0.011
02/05/2023,06:37:50,0.007

Instrument Name:,SidePak Aerosol Monitor
Model Number:,AM520
Serial Number:,5201701009
Test Name:,Test 40
Start Date:,02/05/2023
Start Time:,07:36:50
Duration (dd:hh:mm:ss):,00:00:01:00
Log Interval (mm:ss):,00:01
Number of points:,60
Description:,

Statistics Channel: ,MC
,Units:,mg/m³
,Average:,0.003
,Minimum:,0.000
,Time of Minimum:,07:37:37
,Date of Minimum:,02/05/2023
,Maximum:,0.020
,Time of Maximum:,07:37:48
,Date of Maximum:,02/05/2023

,TWA:,N/A

Calibration Sensor: ,Aerosol
,Cal factor:,1.00
,Cal date:,02/03/2023
,Cal name:,Factory

Date,Time,MC
MM/dd/yyyy,HH:mm:ss,mg/m³
02/05/2023,07:36:51,0.000
02/05/2023,07:36:52,0.001
02/05/2023,07:36:53,0.015
02/05/2023,07:36:54,0.004
02/05/2023,07:36:55,0.000
02/05/2023,07:36:56,0.001
02/05/2023,07:36:57,0.000
02/05/2023,07:36:58,0.003
02/05/2023,07:36:59,0.000
02/05/2023,07:37:00,0.000
02/05/2023,07:37:01,0.000
02/05/2023,07:37:02,0.000
02/05/2023,07:37:03,0.000
02/05/2023,07:37:04,0.004
02/05/2023,07:37:05,0.001
02/05/2023,07:37:06,0.001
02/05/2023,07:37:07,0.007
02/05/2023,07:37:08,0.002
02/05/2023,07:37:09,0.003
02/05/2023,07:37:10,0.000
02/05/2023,07:37:11,0.000
02/05/2023,07:37:12,0.000
02/05/2023,07:37:13,0.000
02/05/2023,07:37:14,0.000
02/05/2023,07:37:15,0.000
02/05/2023,07:37:16,0.000
02/05/2023,07:37:17,0.000
02/05/2023,07:37:18,0.000
02/05/2023,07:37:19,0.000
02/05/2023,07:37:20,0.000
02/05/2023,07:37:21,0.000
02/05/2023,07:37:22,0.000
02/05/2023,07:37:23,0.000
02/05/2023,07:37:24,0.000
02/05/2023,07:37:25,0.000
02/05/2023,07:37:26,0.000
02/05/2023,07:37:27,0.000
02/05/2023,07:37:28,0.000
02/05/2023,07:37:29,0.000
02/05/2023,07:37:30,0.000
02/05/2023,07:37:31,0.000
02/05/2023,07:37:32,0.000
02/05/2023,07:37:33,0.000
02/05/2023,07:37:34,0.000
02/05/2023,07:37:35,0.003
02/05/2023,07:37:36,0.004
02/05/2023,07:37:37,0.000
02/05/2023,07:37:38,0.002
02/05/2023,07:37:39,0.004
02/05/2023,07:37:40,0.002
02/05/2023,07:37:41,0.008
02/05/2023,07:37:42,0.008
02/05/2023,07:37:43,0.005
02/05/2023,07:37:44,0.020
02/05/2023,07:37:45,0.008
02/05/2023,07:37:46,0.007
02/05/2023,07:37:47,0.012
02/05/2023,07:37:48,0.020
02/05/2023,07:37:49,0.012
02/05/2023,07:37:50,0.011

Instrument Name:,SidePak Aerosol Monitor
Model Number:,AM520
Serial Number:,5201701009
Test Name:,Test 41
Start Date:,02/05/2023
Start Time:,08:36:50
Duration (dd:hh:mm:ss):,00:00:01:00
Log Interval (mm:ss):,00:01
Number of points:,60
Description:,

Statistics Channel: ,MC
,Units:,mg/m³
,Average:,0.003
,Minimum:,0.000
,Time of Minimum:,08:37:49
,Date of Minimum:,02/05/2023
,Maximum:,0.016
,Time of Maximum:,08:37:46
,Date of Maximum:,02/05/2023

,TWA:,N/A

Calibration Sensor: ,Aerosol
,Cal factor:,1.00
,Cal date:,02/03/2023
,Cal name:,Factory

Date,Time,MC
MM/dd/yyyy,HH:mm:ss,mg/m³
02/05/2023,08:36:51,0.010
02/05/2023,08:36:52,0.000
02/05/2023,08:36:53,0.007
02/05/2023,08:36:54,0.003
02/05/2023,08:36:55,0.006
02/05/2023,08:36:56,0.003
02/05/2023,08:36:57,0.000
02/05/2023,08:36:58,0.002
02/05/2023,08:36:59,0.000
02/05/2023,08:37:00,0.004
02/05/2023,08:37:01,0.000
02/05/2023,08:37:02,0.000
02/05/2023,08:37:03,0.000
02/05/2023,08:37:04,0.000
02/05/2023,08:37:05,0.006
02/05/2023,08:37:06,0.000
02/05/2023,08:37:07,0.002
02/05/2023,08:37:08,0.000
02/05/2023,08:37:09,0.000
02/05/2023,08:37:10,0.000
02/05/2023,08:37:11,0.000
02/05/2023,08:37:12,0.000
02/05/2023,08:37:13,0.000
02/05/2023,08:37:14,0.000
02/05/2023,08:37:15,0.000
02/05/2023,08:37:16,0.000
02/05/2023,08:37:17,0.001
02/05/2023,08:37:18,0.000
02/05/2023,08:37:19,0.002
02/05/2023,08:37:20,0.001
02/05/2023,08:37:21,0.000
02/05/2023,08:37:22,0.000
02/05/2023,08:37:23,0.006
02/05/2023,08:37:24,0.000
02/05/2023,08:37:25,0.000
02/05/2023,08:37:26,0.002
02/05/2023,08:37:27,0.005
02/05/2023,08:37:28,0.006
02/05/2023,08:37:29,0.007
02/05/2023,08:37:30,0.005
02/05/2023,08:37:31,0.003
02/05/2023,08:37:32,0.012
02/05/2023,08:37:33,0.003
02/05/2023,08:37:34,0.002
02/05/2023,08:37:35,0.006
02/05/2023,08:37:36,0.003
02/05/2023,08:37:37,0.005
02/05/2023,08:37:38,0.006
02/05/2023,08:37:39,0.003
02/05/2023,08:37:40,0.004
02/05/2023,08:37:41,0.004
02/05/2023,08:37:42,0.003
02/05/2023,08:37:43,0.000
02/05/2023,08:37:44,0.000
02/05/2023,08:37:45,0.000
02/05/2023,08:37:46,0.016
02/05/2023,08:37:47,0.002
02/05/2023,08:37:48,0.003
02/05/2023,08:37:49,0.000
02/05/2023,08:37:50,0.009

Instrument Name:,SidePak Aerosol Monitor
Model Number:,AM520
Serial Number:,5201701009
Test Name:,Test 42
Start Date:,02/05/2023
Start Time:,09:36:50
Duration (dd:hh:mm:ss):,00:00:01:00
Log Interval (mm:ss):,00:01
Number of points:,60
Description:,

Statistics Channel: ,MC
,Units:,mg/m³
,Average:,0.007
,Minimum:,0.000
,Time of Minimum:,09:37:41
,Date of Minimum:,02/05/2023
,Maximum:,0.021
,Time of Maximum:,09:37:50
,Date of Maximum:,02/05/2023

,TWA:,N/A

Calibration Sensor: ,Aerosol
,Cal factor:,1.00
,Cal date:,02/03/2023
,Cal name:,Factory

Date,Time,MC
MM/dd/yyyy,HH:mm:ss,mg/m³
02/05/2023,09:36:51,0.000
02/05/2023,09:36:52,0.000
02/05/2023,09:36:53,0.000
02/05/2023,09:36:54,0.001
02/05/2023,09:36:55,0.000
02/05/2023,09:36:56,0.000
02/05/2023,09:36:57,0.001
02/05/2023,09:36:58,0.002
02/05/2023,09:36:59,0.008
02/05/2023,09:37:00,0.010
02/05/2023,09:37:01,0.011
02/05/2023,09:37:02,0.015
02/05/2023,09:37:03,0.020
02/05/2023,09:37:04,0.017
02/05/2023,09:37:05,0.012
02/05/2023,09:37:06,0.012
02/05/2023,09:37:07,0.009
02/05/2023,09:37:08,0.006
02/05/2023,09:37:09,0.001
02/05/2023,09:37:10,0.008
02/05/2023,09:37:11,0.001
02/05/2023,09:37:12,0.000
02/05/2023,09:37:13,0.000
02/05/2023,09:37:14,0.005
02/05/2023,09:37:15,0.000
02/05/2023,09:37:16,0.000
02/05/2023,09:37:17,0.017
02/05/2023,09:37:18,0.000
02/05/2023,09:37:19,0.001
02/05/2023,09:37:20,0.005
02/05/2023,09:37:21,0.004
02/05/2023,09:37:22,0.014
02/05/2023,09:37:23,0.011
02/05/2023,09:37:24,0.010
02/05/2023,09:37:25,0.012
02/05/2023,09:37:26,0.013
02/05/2023,09:37:27,0.015
02/05/2023,09:37:28,0.012
02/05/2023,09:37:29,0.012
02/05/2023,09:37:30,0.010
02/05/2023,09:37:31,0.012
02/05/2023,09:37:32,0.003
02/05/2023,09:37:33,0.001
02/05/2023,09:37:34,0.004
02/05/2023,09:37:35,0.000
02/05/2023,09:37:36,0.000
02/05/2023,09:37:37,0.000
02/05/2023,09:37:38,0.000
02/05/2023,09:37:39,0.002
02/05/2023,09:37:40,0.000
02/05/2023,09:37:41,0.000
02/05/2023,09:37:42,0.003
02/05/2023,09:37:43,0.002
02/05/2023,09:37:44,0.007
02/05/2023,09:37:45,0.010
02/05/2023,09:37:46,0.012
02/05/2023,09:37:47,0.014
02/05/2023,09:37:48,0.013
02/05/2023,09:37:49,0.014
02/05/2023,09:37:50,0.021

Instrument Name:,SidePak Aerosol Monitor
Model Number:,AM520
Serial Number:,5201701009
Test Name:,Test 43
Start Date:,02/05/2023
Start Time:,10:36:50
Duration (dd:hh:mm:ss):,00:00:01:00
Log Interval (mm:ss):,00:01
Number of points:,60
Description:,

Statistics Channel: ,MC
,Units:,mg/m³
,Average:,0.014
,Minimum:,0.000
,Time of Minimum:,10:37:22
,Date of Minimum:,02/05/2023
,Maximum:,0.030
,Time of Maximum:,10:36:54
,Date of Maximum:,02/05/2023

,TWA:,N/A

Calibration Sensor: ,Aerosol
,Cal factor:,1.00
,Cal date:,02/03/2023
,Cal name:,Factory

Date,Time,MC
MM/dd/yyyy,HH:mm:ss,mg/m³
02/05/2023,10:36:51,0.021
02/05/2023,10:36:52,0.021
02/05/2023,10:36:53,0.020
02/05/2023,10:36:54,0.030
02/05/2023,10:36:55,0.018
02/05/2023,10:36:56,0.020
02/05/2023,10:36:57,0.020
02/05/2023,10:36:58,0.025
02/05/2023,10:36:59,0.022
02/05/2023,10:37:00,0.019
02/05/2023,10:37:01,0.014
02/05/2023,10:37:02,0.021
02/05/2023,10:37:03,0.018
02/05/2023,10:37:04,0.015
02/05/2023,10:37:05,0.021
02/05/2023,10:37:06,0.015
02/05/2023,10:37:07,0.012
02/05/2023,10:37:08,0.015
02/05/2023,10:37:09,0.006
02/05/2023,10:37:10,0.014
02/05/2023,10:37:11,0.009
02/05/2023,10:37:12,0.013
02/05/2023,10:37:13,0.004
02/05/2023,10:37:14,0.000
02/05/2023,10:37:15,0.000
02/05/2023,10:37:16,0.006
02/05/2023,10:37:17,0.000
02/05/2023,10:37:18,0.006
02/05/2023,10:37:19,0.007
02/05/2023,10:37:20,0.000
02/05/2023,10:37:21,0.007
02/05/2023,10:37:22,0.000
02/05/2023,10:37:23,0.004
02/05/2023,10:37:24,0.005
02/05/2023,10:37:25,0.004
02/05/2023,10:37:26,0.016
02/05/2023,10:37:27,0.016
02/05/2023,10:37:28,0.013
02/05/2023,10:37:29,0.014
02/05/2023,10:37:30,0.014
02/05/2023,10:37:31,0.012
02/05/2023,10:37:32,0.016
02/05/2023,10:37:33,0.018
02/05/2023,10:37:34,0.020
02/05/2023,10:37:35,0.016
02/05/2023,10:37:36,0.017
02/05/2023,10:37:37,0.016
02/05/2023,10:37:38,0.014
02/05/2023,10:37:39,0.015
02/05/2023,10:37:40,0.019
02/05/2023,10:37:41,0.022
02/05/2023,10:37:42,0.013
02/05/2023,10:37:43,0.013
02/05/2023,10:37:44,0.016
02/05/2023,10:37:45,0.022
02/05/2023,10:37:46,0.019
02/05/2023,10:37:47,0.019
02/05/2023,10:37:48,0.013
02/05/2023,10:37:49,0.012
02/05/2023,10:37:50,0.011

Instrument Name:,SidePak Aerosol Monitor
Model Number:,AM520
Serial Number:,5201701009
Test Name:,Test 44
Start Date:,02/05/2023
Start Time:,11:36:50
Duration (dd:hh:mm:ss):,00:00:01:00
Log Interval (mm:ss):,00:01
Number of points:,60
Description:,

Statistics Channel: ,MC
,Units:,mg/m³
,Average:,0.011
,Minimum:,0.000
,Time of Minimum:,11:37:37
,Date of Minimum:,02/05/2023
,Maximum:,0.028
,Time of Maximum:,11:37:44
,Date of Maximum:,02/05/2023

,TWA:,N/A

Calibration Sensor: ,Aerosol
,Cal factor:,1.00
,Cal date:,02/03/2023
,Cal name:,Factory

Date,Time,MC
MM/dd/yyyy,HH:mm:ss,mg/m³
02/05/2023,11:36:51,0.006
02/05/2023,11:36:52,0.001
02/05/2023,11:36:53,0.000
02/05/2023,11:36:54,0.002
02/05/2023,11:36:55,0.004
02/05/2023,11:36:56,0.001
02/05/2023,11:36:57,0.006
02/05/2023,11:36:58,0.008
02/05/2023,11:36:59,0.025
02/05/2023,11:37:00,0.008
02/05/2023,11:37:01,0.025
02/05/2023,11:37:02,0.019
02/05/2023,11:37:03,0.016
02/05/2023,11:37:04,0.017
02/05/2023,11:37:05,0.023
02/05/2023,11:37:06,0.017
02/05/2023,11:37:07,0.026
02/05/2023,11:37:08,0.019
02/05/2023,11:37:09,0.018
02/05/2023,11:37:10,0.022
02/05/2023,11:37:11,0.010
02/05/2023,11:37:12,0.006
02/05/2023,11:37:13,0.003
02/05/2023,11:37:14,0.005
02/05/2023,11:37:15,0.000
02/05/2023,11:37:16,0.000
02/05/2023,11:37:17,0.000
02/05/2023,11:37:18,0.005
02/05/2023,11:37:19,0.002
02/05/2023,11:37:20,0.007
02/05/2023,11:37:21,0.008
02/05/2023,11:37:22,0.018
02/05/2023,11:37:23,0.019
02/05/2023,11:37:24,0.014
02/05/2023,11:37:25,0.018
02/05/2023,11:37:26,0.024
02/05/2023,11:37:27,0.014
02/05/2023,11:37:28,0.016
02/05/2023,11:37:29,0.010
02/05/2023,11:37:30,0.022
02/05/2023,11:37:31,0.005
02/05/2023,11:37:32,0.004
02/05/2023,11:37:33,0.000
02/05/2023,11:37:34,0.002
02/05/2023,11:37:35,0.010
02/05/2023,11:37:36,0.000
02/05/2023,11:37:37,0.000
02/05/2023,11:37:38,0.006
02/05/2023,11:37:39,0.010
02/05/2023,11:37:40,0.010
02/05/2023,11:37:41,0.022
02/05/2023,11:37:42,0.015
02/05/2023,11:37:43,0.024
02/05/2023,11:37:44,0.028
02/05/2023,11:37:45,0.016
02/05/2023,11:37:46,0.019
02/05/2023,11:37:47,0.013
02/05/2023,11:37:48,0.008
02/05/2023,11:37:49,0.007
02/05/2023,11:37:50,0.005

Instrument Name:,SidePak Aerosol Monitor
Model Number:,AM520
Serial Number:,5201701009
Test Name:,Test 45
Start Date:,02/05/2023
Start Time:,12:36:50
Duration (dd:hh:mm:ss):,00:00:01:00
Log Interval (mm:ss):,00:01
Number of points:,60
Description:,

Statistics Channel: ,MC
,Units:,mg/m³
,Average:,0.015
,Minimum:,0.000
,Time of Minimum:,12:37:32
,Date of Minimum:,02/05/2023
,Maximum:,0.045
,Time of Maximum:,12:37:21
,Date of Maximum:,02/05/2023

,TWA:,N/A

Calibration Sensor: ,Aerosol
,Cal factor:,1.00
,Cal date:,02/03/2023
,Cal name:,Factory

Date,Time,MC
MM/dd/yyyy,HH:mm:ss,mg/m³
02/05/2023,12:36:51,0.020
02/05/2023,12:36:52,0.019
02/05/2023,12:36:53,0.017
02/05/2023,12:36:54,0.026
02/05/2023,12:36:55,0.019
02/05/2023,12:36:56,0.028
02/05/2023,12:36:57,0.025
02/05/2023,12:36:58,0.024
02/05/2023,12:36:59,0.016
02/05/2023,12:37:00,0.010
02/05/2023,12:37:01,0.004
02/05/2023,12:37:02,0.007
02/05/2023,12:37:03,0.013
02/05/2023,12:37:04,0.006
02/05/2023,12:37:05,0.000
02/05/2023,12:37:06,0.000
02/05/2023,12:37:07,0.000
02/05/2023,12:37:08,0.000
02/05/2023,12:37:09,0.004
02/05/2023,12:37:10,0.000
02/05/2023,12:37:11,0.004
02/05/2023,12:37:12,0.012
02/05/2023,12:37:13,0.010
02/05/2023,12:37:14,0.012
02/05/2023,12:37:15,0.014
02/05/2023,12:37:16,0.023
02/05/2023,12:37:17,0.024
02/05/2023,12:37:18,0.026
02/05/2023,12:37:19,0.022
02/05/2023,12:37:20,0.019
02/05/2023,12:37:21,0.045
02/05/2023,12:37:22,0.032
02/05/2023,12:37:23,0.015
02/05/2023,12:37:24,0.019
02/05/2023,12:37:25,0.012
02/05/2023,12:37:26,0.008
02/05/2023,12:37:27,0.018
02/05/2023,12:37:28,0.004
02/05/2023,12:37:29,0.007
02/05/2023,12:37:30,0.000
02/05/2023,12:37:31,0.003
02/05/2023,12:37:32,0.000
02/05/2023,12:37:33,0.004
02/05/2023,12:37:34,0.008
02/05/2023,12:37:35,0.015
02/05/2023,12:37:36,0.014
02/05/2023,12:37:37,0.010
02/05/2023,12:37:38,0.017
02/05/2023,12:37:39,0.016
02/05/2023,12:37:40,0.015
02/05/2023,12:37:41,0.020
02/05/2023,12:37:42,0.016
02/05/2023,12:37:43,0.019
02/05/2023,12:37:44,0.033
02/05/2023,12:37:45,0.022
02/05/2023,12:37:46,0.021
02/05/2023,12:37:47,0.018
02/05/2023,12:37:48,0.019
02/05/2023,12:37:49,0.017
02/05/2023,12:37:50,0.016

Instrument Name:,SidePak Aerosol Monitor
Model Number:,AM520
Serial Number:,5201701009
Test Name:,Test 46
Start Date:,02/05/2023
Start Time:,01:36:50
Duration (dd:hh:mm:ss):,00:00:01:00
Log Interval (mm:ss):,00:01
Number of points:,60
Description:,

Statistics Channel: ,MC
,Units:,mg/m³
,Average:,0.013
,Minimum:,0.000
,Time of Minimum:,01:37:33
,Date of Minimum:,02/05/2023
,Maximum:,0.037
,Time of Maximum:,01:37:24
,Date of Maximum:,02/05/2023

,TWA:,N/A

Calibration Sensor: ,Aerosol
,Cal factor:,1.00
,Cal date:,02/03/2023
,Cal name:,Factory

Date,Time,MC
MM/dd/yyyy,HH:mm:ss,mg/m³
02/05/2023,13:36:51,0.007
02/05/2023,13:36:52,0.008
02/05/2023,13:36:53,0.010
02/05/2023,13:36:54,0.005
02/05/2023,13:36:55,0.007
02/05/2023,13:36:56,0.006
02/05/2023,13:36:57,0.004
02/05/2023,13:36:58,0.009
02/05/2023,13:36:59,0.005
02/05/2023,13:37:00,0.013
02/05/2023,13:37:01,0.018
02/05/2023,13:37:02,0.015
02/05/2023,13:37:03,0.014
02/05/2023,13:37:04,0.018
02/05/2023,13:37:05,0.020
02/05/2023,13:37:06,0.023
02/05/2023,13:37:07,0.020
02/05/2023,13:37:08,0.017
02/05/2023,13:37:09,0.016
02/05/2023,13:37:10,0.011
02/05/2023,13:37:11,0.023
02/05/2023,13:37:12,0.013
02/05/2023,13:37:13,0.010
02/05/2023,13:37:14,0.011
02/05/2023,13:37:15,0.000
02/05/2023,13:37:16,0.001
02/05/2023,13:37:17,0.000
02/05/2023,13:37:18,0.008
02/05/2023,13:37:19,0.016
02/05/2023,13:37:20,0.022
02/05/2023,13:37:21,0.011
02/05/2023,13:37:22,0.029
02/05/2023,13:37:23,0.021
02/05/2023,13:37:24,0.037
02/05/2023,13:37:25,0.018
02/05/2023,13:37:26,0.018
02/05/2023,13:37:27,0.028
02/05/2023,13:37:28,0.021
02/05/2023,13:37:29,0.012
02/05/2023,13:37:30,0.013
02/05/2023,13:37:31,0.022
02/05/2023,13:37:32,0.011
02/05/2023,13:37:33,0.000
02/05/2023,13:37:34,0.003
02/05/2023,13:37:35,0.015
02/05/2023,13:37:36,0.013
02/05/2023,13:37:37,0.010
02/05/2023,13:37:38,0.006
02/05/2023,13:37:39,0.004
02/05/2023,13:37:40,0.023
02/05/2023,13:37:41,0.007
02/05/2023,13:37:42,0.005
02/05/2023,13:37:43,0.016
02/05/2023,13:37:44,0.010
02/05/2023,13:37:45,0.012
02/05/2023,13:37:46,0.020
02/05/2023,13:37:47,0.014
02/05/2023,13:37:48,0.014
02/05/2023,13:37:49,0.017
02/05/2023,13:37:50,0.024

Instrument Name:,SidePak Aerosol Monitor
Model Number:,AM520
Serial Number:,5201701009
Test Name:,Test 47
Start Date:,02/05/2023
Start Time:,02:36:50
Duration (dd:hh:mm:ss):,00:00:01:00
Log Interval (mm:ss):,00:01
Number of points:,60
Description:,

Statistics Channel: ,MC
,Units:,mg/m³
,Average:,0.013
,Minimum:,0.000
,Time of Minimum:,02:37:32
,Date of Minimum:,02/05/2023
,Maximum:,0.027
,Time of Maximum:,02:37:07
,Date of Maximum:,02/05/2023

,TWA:,N/A

Calibration Sensor: ,Aerosol
,Cal factor:,1.00
,Cal date:,02/03/2023
,Cal name:,Factory

Date,Time,MC
MM/dd/yyyy,HH:mm:ss,mg/m³
02/05/2023,14:36:51,0.008
02/05/2023,14:36:52,0.002
02/05/2023,14:36:53,0.001
02/05/2023,14:36:54,0.005
02/05/2023,14:36:55,0.015
02/05/2023,14:36:56,0.005
02/05/2023,14:36:57,0.004
02/05/2023,14:36:58,0.007
02/05/2023,14:36:59,0.010
02/05/2023,14:37:00,0.011
02/05/2023,14:37:01,0.012
02/05/2023,14:37:02,0.008
02/05/2023,14:37:03,0.022
02/05/2023,14:37:04,0.010
02/05/2023,14:37:05,0.020
02/05/2023,14:37:06,0.012
02/05/2023,14:37:07,0.027
02/05/2023,14:37:08,0.015
02/05/2023,14:37:09,0.017
02/05/2023,14:37:10,0.022
02/05/2023,14:37:11,0.019
02/05/2023,14:37:12,0.021
02/05/2023,14:37:13,0.023
02/05/2023,14:37:14,0.026
02/05/2023,14:37:15,0.016
02/05/2023,14:37:16,0.015
02/05/2023,14:37:17,0.017
02/05/2023,14:37:18,0.014
02/05/2023,14:37:19,0.019
02/05/2023,14:37:20,0.015
02/05/2023,14:37:21,0.016
02/05/2023,14:37:22,0.012
02/05/2023,14:37:23,0.016
02/05/2023,14:37:24,0.012
02/05/2023,14:37:25,0.022
02/05/2023,14:37:26,0.013
02/05/2023,14:37:27,0.008
02/05/2023,14:37:28,0.011
02/05/2023,14:37:29,0.018
02/05/2023,14:37:30,0.008
02/05/2023,14:37:31,0.006
02/05/2023,14:37:32,0.000
02/05/2023,14:37:33,0.009
02/05/2023,14:37:34,0.002
02/05/2023,14:37:35,0.007
02/05/2023,14:37:36,0.003
02/05/2023,14:37:37,0.001
02/05/2023,14:37:38,0.005
02/05/2023,14:37:39,0.010
02/05/2023,14:37:40,0.010
02/05/2023,14:37:41,0.018
02/05/2023,14:37:42,0.016
02/05/2023,14:37:43,0.016
02/05/2023,14:37:44,0.013
02/05/2023,14:37:45,0.014
02/05/2023,14:37:46,0.026
02/05/2023,14:37:47,0.015
02/05/2023,14:37:48,0.024
02/05/2023,14:37:49,0.019
02/05/2023,14:37:50,0.021

Instrument Name:,SidePak Aerosol Monitor
Model Number:,AM520
Serial Number:,5201701009
Test Name:,Test 48
Start Date:,02/05/2023
Start Time:,03:36:50
Duration (dd:hh:mm:ss):,00:00:01:00
Log Interval (mm:ss):,00:01
Number of points:,60
Description:,

Statistics Channel: ,MC
,Units:,mg/m³
,Average:,0.020
,Minimum:,0.003
,Time of Minimum:,03:37:05
,Date of Minimum:,02/05/2023
,Maximum:,0.149
,Time of Maximum:,03:37:41
,Date of Maximum:,02/05/2023

,TWA:,N/A

Calibration Sensor: ,Aerosol
,Cal factor:,1.00
,Cal date:,02/03/2023
,Cal name:,Factory

Date,Time,MC
MM/dd/yyyy,HH:mm:ss,mg/m³
02/05/2023,15:36:51,0.013
02/05/2023,15:36:52,0.005
02/05/2023,15:36:53,0.012
02/05/2023,15:36:54,0.011
02/05/2023,15:36:55,0.009
02/05/2023,15:36:56,0.008
02/05/2023,15:36:57,0.010
02/05/2023,15:36:58,0.010
02/05/2023,15:36:59,0.004
02/05/2023,15:37:00,0.007
02/05/2023,15:37:01,0.008
02/05/2023,15:37:02,0.004
02/05/2023,15:37:03,0.003
02/05/2023,15:37:04,0.005
02/05/2023,15:37:05,0.003
02/05/2023,15:37:06,0.012
02/05/2023,15:37:07,0.009
02/05/2023,15:37:08,0.005
02/05/2023,15:37:09,0.008
02/05/2023,15:37:10,0.011
02/05/2023,15:37:11,0.016
02/05/2023,15:37:12,0.008
02/05/2023,15:37:13,0.017
02/05/2023,15:37:14,0.013
02/05/2023,15:37:15,0.015
02/05/2023,15:37:16,0.026
02/05/2023,15:37:17,0.018
02/05/2023,15:37:18,0.019
02/05/2023,15:37:19,0.018
02/05/2023,15:37:20,0.016
02/05/2023,15:37:21,0.028
02/05/2023,15:37:22,0.026
02/05/2023,15:37:23,0.026
02/05/2023,15:37:24,0.019
02/05/2023,15:37:25,0.020
02/05/2023,15:37:26,0.026
02/05/2023,15:37:27,0.025
02/05/2023,15:37:28,0.035
02/05/2023,15:37:29,0.020
02/05/2023,15:37:30,0.017
02/05/2023,15:37:31,0.031
02/05/2023,15:37:32,0.026
02/05/2023,15:37:33,0.027
02/05/2023,15:37:34,0.022
02/05/2023,15:37:35,0.019
02/05/2023,15:37:36,0.016
02/05/2023,15:37:37,0.022
02/05/2023,15:37:38,0.025
02/05/2023,15:37:39,0.028
02/05/2023,15:37:40,0.028
02/05/2023,15:37:41,0.149
02/05/2023,15:37:42,0.023
02/05/2023,15:37:43,0.021
02/05/2023,15:37:44,0.022
02/05/2023,15:37:45,0.019
02/05/2023,15:37:46,0.041
02/05/2023,15:37:47,0.025
02/05/2023,15:37:48,0.028
02/05/2023,15:37:49,0.028
02/05/2023,15:37:50,0.023

Instrument Name:,SidePak Aerosol Monitor
Model Number:,AM520
Serial Number:,5201701009
Test Name:,Test 49
Start Date:,02/05/2023
Start Time:,04:36:51
Duration (dd:hh:mm:ss):,00:00:01:00
Log Interval (mm:ss):,00:01
Number of points:,60
Description:,

Statistics Channel: ,MC
,Units:,mg/m³
,Average:,0.017
,Minimum:,0.001
,Time of Minimum:,04:37:27
,Date of Minimum:,02/05/2023
,Maximum:,0.095
,Time of Maximum:,04:37:17
,Date of Maximum:,02/05/2023

,TWA:,N/A

Calibration Sensor: ,Aerosol
,Cal factor:,1.00
,Cal date:,02/03/2023
,Cal name:,Factory

Date,Time,MC
MM/dd/yyyy,HH:mm:ss,mg/m³
02/05/2023,16:36:52,0.010
02/05/2023,16:36:53,0.009
02/05/2023,16:36:54,0.003
02/05/2023,16:36:55,0.004
02/05/2023,16:36:56,0.005
02/05/2023,16:36:57,0.012
02/05/2023,16:36:58,0.015
02/05/2023,16:36:59,0.023
02/05/2023,16:37:00,0.009
02/05/2023,16:37:01,0.011
02/05/2023,16:37:02,0.014
02/05/2023,16:37:03,0.019
02/05/2023,16:37:04,0.016
02/05/2023,16:37:05,0.017
02/05/2023,16:37:06,0.027
02/05/2023,16:37:07,0.019
02/05/2023,16:37:08,0.021
02/05/2023,16:37:09,0.040
02/05/2023,16:37:10,0.021
02/05/2023,16:37:11,0.021
02/05/2023,16:37:12,0.022
02/05/2023,16:37:13,0.017
02/05/2023,16:37:14,0.019
02/05/2023,16:37:15,0.028
02/05/2023,16:37:16,0.025
02/05/2023,16:37:17,0.095
02/05/2023,16:37:18,0.024
02/05/2023,16:37:19,0.032
02/05/2023,16:37:20,0.016
02/05/2023,16:37:21,0.020
02/05/2023,16:37:22,0.019
02/05/2023,16:37:23,0.004
02/05/2023,16:37:24,0.002
02/05/2023,16:37:25,0.005
02/05/2023,16:37:26,0.037
02/05/2023,16:37:27,0.001
02/05/2023,16:37:28,0.004
02/05/2023,16:37:29,0.013
02/05/2023,16:37:30,0.004
02/05/2023,16:37:31,0.012
02/05/2023,16:37:32,0.014
02/05/2023,16:37:33,0.021
02/05/2023,16:37:34,0.018
02/05/2023,16:37:35,0.019
02/05/2023,16:37:36,0.022
02/05/2023,16:37:37,0.026
02/05/2023,16:37:38,0.023
02/05/2023,16:37:39,0.019
02/05/2023,16:37:40,0.022
02/05/2023,16:37:41,0.011
02/05/2023,16:37:42,0.006
02/05/2023,16:37:43,0.004
02/05/2023,16:37:44,0.002
02/05/2023,16:37:45,0.002
02/05/2023,16:37:46,0.010
02/05/2023,16:37:47,0.007
02/05/2023,16:37:48,0.010
02/05/2023,16:37:49,0.014
02/05/2023,16:37:50,0.023
02/05/2023,16:37:51,0.025

Instrument Name:,SidePak Aerosol Monitor
Model Number:,AM520
Serial Number:,5201701009
Test Name:,Test 50
Start Date:,02/05/2023
Start Time:,05:36:51
Duration (dd:hh:mm:ss):,00:00:01:00
Log Interval (mm:ss):,00:01
Number of points:,60
Description:,

Statistics Channel: ,MC
,Units:,mg/m³
,Average:,0.016
,Minimum:,0.000
,Time of Minimum:,05:37:32
,Date of Minimum:,02/05/2023
,Maximum:,0.042
,Time of Maximum:,05:37:20
,Date of Maximum:,02/05/2023

,TWA:,N/A

Calibration Sensor: ,Aerosol
,Cal factor:,1.00
,Cal date:,02/03/2023
,Cal name:,Factory

Date,Time,MC
MM/dd/yyyy,HH:mm:ss,mg/m³
02/05/2023,17:36:52,0.013
02/05/2023,17:36:53,0.013
02/05/2023,17:36:54,0.010
02/05/2023,17:36:55,0.006
02/05/2023,17:36:56,0.003
02/05/2023,17:36:57,0.004
02/05/2023,17:36:58,0.005
02/05/2023,17:36:59,0.007
02/05/2023,17:37:00,0.009
02/05/2023,17:37:01,0.007
02/05/2023,17:37:02,0.005
02/05/2023,17:37:03,0.007
02/05/2023,17:37:04,0.016
02/05/2023,17:37:05,0.019
02/05/2023,17:37:06,0.011
02/05/2023,17:37:07,0.009
02/05/2023,17:37:08,0.008
02/05/2023,17:37:09,0.014
02/05/2023,17:37:10,0.022
02/05/2023,17:37:11,0.013
02/05/2023,17:37:12,0.020
02/05/2023,17:37:13,0.018
02/05/2023,17:37:14,0.026
02/05/2023,17:37:15,0.021
02/05/2023,17:37:16,0.036
02/05/2023,17:37:17,0.030
02/05/2023,17:37:18,0.020
02/05/2023,17:37:19,0.023
02/05/2023,17:37:20,0.042
02/05/2023,17:37:21,0.031
02/05/2023,17:37:22,0.020
02/05/2023,17:37:23,0.028
02/05/2023,17:37:24,0.020
02/05/2023,17:37:25,0.041
02/05/2023,17:37:26,0.024
02/05/2023,17:37:27,0.014
02/05/2023,17:37:28,0.014
02/05/2023,17:37:29,0.014
02/05/2023,17:37:30,0.011
02/05/2023,17:37:31,0.004
02/05/2023,17:37:32,0.000
02/05/2023,17:37:33,0.007
02/05/2023,17:37:34,0.013
02/05/2023,17:37:35,0.008
02/05/2023,17:37:36,0.008
02/05/2023,17:37:37,0.004
02/05/2023,17:37:38,0.015
02/05/2023,17:37:39,0.020
02/05/2023,17:37:40,0.021
02/05/2023,17:37:41,0.020
02/05/2023,17:37:42,0.017
02/05/2023,17:37:43,0.021
02/05/2023,17:37:44,0.021
02/05/2023,17:37:45,0.033
02/05/2023,17:37:46,0.019
02/05/2023,17:37:47,0.025
02/05/2023,17:37:48,0.018
02/05/2023,17:37:49,0.016
02/05/2023,17:37:50,0.013
02/05/2023,17:37:51,0.012

Instrument Name:,SidePak Aerosol Monitor
Model Number:,AM520
Serial Number:,5201701009
Test Name:,Test 51
Start Date:,02/05/2023
Start Time:,06:36:51
Duration (dd:hh:mm:ss):,00:00:01:00
Log Interval (mm:ss):,00:01
Number of points:,60
Description:,

Statistics Channel: ,MC
,Units:,mg/m³
,Average:,0.020
,Minimum:,0.004
,Time of Minimum:,06:37:06
,Date of Minimum:,02/05/2023
,Maximum:,0.050
,Time of Maximum:,06:36:55
,Date of Maximum:,02/05/2023

,TWA:,N/A

Calibration Sensor: ,Aerosol
,Cal factor:,1.00
,Cal date:,02/03/2023
,Cal name:,Factory

Date,Time,MC
MM/dd/yyyy,HH:mm:ss,mg/m³
02/05/2023,18:36:52,0.011
02/05/2023,18:36:53,0.011
02/05/2023,18:36:54,0.006
02/05/2023,18:36:55,0.050
02/05/2023,18:36:56,0.005
02/05/2023,18:36:57,0.018
02/05/2023,18:36:58,0.007
02/05/2023,18:36:59,0.006
02/05/2023,18:37:00,0.009
02/05/2023,18:37:01,0.008
02/05/2023,18:37:02,0.010
02/05/2023,18:37:03,0.014
02/05/2023,18:37:04,0.011
02/05/2023,18:37:05,0.017
02/05/2023,18:37:06,0.004
02/05/2023,18:37:07,0.009
02/05/2023,18:37:08,0.009
02/05/2023,18:37:09,0.013
02/05/2023,18:37:10,0.009
02/05/2023,18:37:11,0.017
02/05/2023,18:37:12,0.006
02/05/2023,18:37:13,0.012
02/05/2023,18:37:14,0.012
02/05/2023,18:37:15,0.008
02/05/2023,18:37:16,0.010
02/05/2023,18:37:17,0.008
02/05/2023,18:37:18,0.019
02/05/2023,18:37:19,0.040
02/05/2023,18:37:20,0.012
02/05/2023,18:37:21,0.017
02/05/2023,18:37:22,0.015
02/05/2023,18:37:23,0.012
02/05/2023,18:37:24,0.020
02/05/2023,18:37:25,0.016
02/05/2023,18:37:26,0.028
02/05/2023,18:37:27,0.020
02/05/2023,18:37:28,0.028
02/05/2023,18:37:29,0.032
02/05/2023,18:37:30,0.030
02/05/2023,18:37:31,0.026
02/05/2023,18:37:32,0.021
02/05/2023,18:37:33,0.025
02/05/2023,18:37:34,0.029
02/05/2023,18:37:35,0.025
02/05/2023,18:37:36,0.025
02/05/2023,18:37:37,0.032
02/05/2023,18:37:38,0.027
02/05/2023,18:37:39,0.041
02/05/2023,18:37:40,0.040
02/05/2023,18:37:41,0.022
02/05/2023,18:37:42,0.026
02/05/2023,18:37:43,0.026
02/05/2023,18:37:44,0.026
02/05/2023,18:37:45,0.036
02/05/2023,18:37:46,0.025
02/05/2023,18:37:47,0.028
02/05/2023,18:37:48,0.030
02/05/2023,18:37:49,0.023
02/05/2023,18:37:50,0.032
02/05/2023,18:37:51,0.022

Instrument Name:,SidePak Aerosol Monitor
Model Number:,AM520
Serial Number:,5201701009
Test Name:,Test 52
Start Date:,02/05/2023
Start Time:,07:36:51
Duration (dd:hh:mm:ss):,00:00:01:00
Log Interval (mm:ss):,00:01
Number of points:,60
Description:,

Statistics Channel: ,MC
,Units:,mg/m³
,Average:,0.025
,Minimum:,0.006
,Time of Minimum:,07:37:22
,Date of Minimum:,02/05/2023
,Maximum:,0.045
,Time of Maximum:,07:37:45
,Date of Maximum:,02/05/2023

,TWA:,N/A

Calibration Sensor: ,Aerosol
,Cal factor:,1.00
,Cal date:,02/03/2023
,Cal name:,Factory

Date,Time,MC
MM/dd/yyyy,HH:mm:ss,mg/m³
02/05/2023,19:36:52,0.024
02/05/2023,19:36:53,0.027
02/05/2023,19:36:54,0.016
02/05/2023,19:36:55,0.026
02/05/2023,19:36:56,0.019
02/05/2023,19:36:57,0.030
02/05/2023,19:36:58,0.025
02/05/2023,19:36:59,0.029
02/05/2023,19:37:00,0.032
02/05/2023,19:37:01,0.033
02/05/2023,19:37:02,0.031
02/05/2023,19:37:03,0.040
02/05/2023,19:37:04,0.031
02/05/2023,19:37:05,0.024
02/05/2023,19:37:06,0.042
02/05/2023,19:37:07,0.022
02/05/2023,19:37:08,0.023
02/05/2023,19:37:09,0.018
02/05/2023,19:37:10,0.030
02/05/2023,19:37:11,0.018
02/05/2023,19:37:12,0.018
02/05/2023,19:37:13,0.015
02/05/2023,19:37:14,0.018
02/05/2023,19:37:15,0.017
02/05/2023,19:37:16,0.019
02/05/2023,19:37:17,0.007
02/05/2023,19:37:18,0.012
02/05/2023,19:37:19,0.018
02/05/2023,19:37:20,0.008
02/05/2023,19:37:21,0.013
02/05/2023,19:37:22,0.006
02/05/2023,19:37:23,0.023
02/05/2023,19:37:24,0.019
02/05/2023,19:37:25,0.018
02/05/2023,19:37:26,0.018
02/05/2023,19:37:27,0.021
02/05/2023,19:37:28,0.019
02/05/2023,19:37:29,0.032
02/05/2023,19:37:30,0.032
02/05/2023,19:37:31,0.028
02/05/2023,19:37:32,0.031
02/05/2023,19:37:33,0.022
02/05/2023,19:37:34,0.030
02/05/2023,19:37:35,0.031
02/05/2023,19:37:36,0.036
02/05/2023,19:37:37,0.028
02/05/2023,19:37:38,0.020
02/05/2023,19:37:39,0.032
02/05/2023,19:37:40,0.030
02/05/2023,19:37:41,0.042
02/05/2023,19:37:42,0.035
02/05/2023,19:37:43,0.032
02/05/2023,19:37:44,0.026
02/05/2023,19:37:45,0.045
02/05/2023,19:37:46,0.029
02/05/2023,19:37:47,0.029
02/05/2023,19:37:48,0.028
02/05/2023,19:37:49,0.039
02/05/2023,19:37:50,0.026
02/05/2023,19:37:51,0.033

Instrument Name:,SidePak Aerosol Monitor
Model Number:,AM520
Serial Number:,5201701009
Test Name:,Test 53
Start Date:,02/05/2023
Start Time:,08:36:51
Duration (dd:hh:mm:ss):,00:00:01:00
Log Interval (mm:ss):,00:01
Number of points:,60
Description:,

Statistics Channel: ,MC
,Units:,mg/m³
,Average:,0.032
,Minimum:,0.011
,Time of Minimum:,08:37:39
,Date of Minimum:,02/05/2023
,Maximum:,0.057
,Time of Maximum:,08:37:23
,Date of Maximum:,02/05/2023

,TWA:,N/A

Calibration Sensor: ,Aerosol
,Cal factor:,1.00
,Cal date:,02/03/2023
,Cal name:,Factory

Date,Time,MC
MM/dd/yyyy,HH:mm:ss,mg/m³
02/05/2023,20:36:52,0.052
02/05/2023,20:36:53,0.038
02/05/2023,20:36:54,0.050
02/05/2023,20:36:55,0.028
02/05/2023,20:36:56,0.029
02/05/2023,20:36:57,0.033
02/05/2023,20:36:58,0.041
02/05/2023,20:36:59,0.041
02/05/2023,20:37:00,0.041
02/05/2023,20:37:01,0.035
02/05/2023,20:37:02,0.038
02/05/2023,20:37:03,0.028
02/05/2023,20:37:04,0.032
02/05/2023,20:37:05,0.031
02/05/2023,20:37:06,0.035
02/05/2023,20:37:07,0.024
02/05/2023,20:37:08,0.039
02/05/2023,20:37:09,0.018
02/05/2023,20:37:10,0.023
02/05/2023,20:37:11,0.027
02/05/2023,20:37:12,0.017
02/05/2023,20:37:13,0.037
02/05/2023,20:37:14,0.016
02/05/2023,20:37:15,0.023
02/05/2023,20:37:16,0.019
02/05/2023,20:37:17,0.028
02/05/2023,20:37:18,0.026
02/05/2023,20:37:19,0.028
02/05/2023,20:37:20,0.029
02/05/2023,20:37:21,0.025
02/05/2023,20:37:22,0.028
02/05/2023,20:37:23,0.057
02/05/2023,20:37:24,0.037
02/05/2023,20:37:25,0.031
02/05/2023,20:37:26,0.044
02/05/2023,20:37:27,0.033
02/05/2023,20:37:28,0.043
02/05/2023,20:37:29,0.034
02/05/2023,20:37:30,0.036
02/05/2023,20:37:31,0.033
02/05/2023,20:37:32,0.031
02/05/2023,20:37:33,0.035
02/05/2023,20:37:34,0.034
02/05/2023,20:37:35,0.051
02/05/2023,20:37:36,0.017
02/05/2023,20:37:37,0.020
02/05/2023,20:37:38,0.026
02/05/2023,20:37:39,0.011
02/05/2023,20:37:40,0.017
02/05/2023,20:37:41,0.022
02/05/2023,20:37:42,0.027
02/05/2023,20:37:43,0.037
02/05/2023,20:37:44,0.036
02/05/2023,20:37:45,0.037
02/05/2023,20:37:46,0.047
02/05/2023,20:37:47,0.034
02/05/2023,20:37:48,0.037
02/05/2023,20:37:49,0.033
02/05/2023,20:37:50,0.037
02/05/2023,20:37:51,0.037

Instrument Name:,SidePak Aerosol Monitor
Model Number:,AM520
Serial Number:,5201701009
Test Name:,Test 54
Start Date:,02/05/2023
Start Time:,09:36:51
Duration (dd:hh:mm:ss):,00:00:01:00
Log Interval (mm:ss):,00:01
Number of points:,60
Description:,

Statistics Channel: ,MC
,Units:,mg/m³
,Average:,0.036
,Minimum:,0.018
,Time of Minimum:,09:37:27
,Date of Minimum:,02/05/2023
,Maximum:,0.066
,Time of Maximum:,09:37:09
,Date of Maximum:,02/05/2023

,TWA:,N/A

Calibration Sensor: ,Aerosol
,Cal factor:,1.00
,Cal date:,02/03/2023
,Cal name:,Factory

Date,Time,MC
MM/dd/yyyy,HH:mm:ss,mg/m³
02/05/2023,21:36:52,0.032
02/05/2023,21:36:53,0.034
02/05/2023,21:36:54,0.035
02/05/2023,21:36:55,0.034
02/05/2023,21:36:56,0.028
02/05/2023,21:36:57,0.022
02/05/2023,21:36:58,0.025
02/05/2023,21:36:59,0.024
02/05/2023,21:37:00,0.023
02/05/2023,21:37:01,0.026
02/05/2023,21:37:02,0.030
02/05/2023,21:37:03,0.042
02/05/2023,21:37:04,0.024
02/05/2023,21:37:05,0.036
02/05/2023,21:37:06,0.034
02/05/2023,21:37:07,0.038
02/05/2023,21:37:08,0.060
02/05/2023,21:37:09,0.066
02/05/2023,21:37:10,0.036
02/05/2023,21:37:11,0.037
02/05/2023,21:37:12,0.051
02/05/2023,21:37:13,0.044
02/05/2023,21:37:14,0.049
02/05/2023,21:37:15,0.065
02/05/2023,21:37:16,0.040
02/05/2023,21:37:17,0.038
02/05/2023,21:37:18,0.042
02/05/2023,21:37:19,0.039
02/05/2023,21:37:20,0.035
02/05/2023,21:37:21,0.025
02/05/2023,21:37:22,0.039
02/05/2023,21:37:23,0.020
02/05/2023,21:37:24,0.022
02/05/2023,21:37:25,0.024
02/05/2023,21:37:26,0.028
02/05/2023,21:37:27,0.018
02/05/2023,21:37:28,0.026
02/05/2023,21:37:29,0.028
02/05/2023,21:37:30,0.028
02/05/2023,21:37:31,0.042
02/05/2023,21:37:32,0.049
02/05/2023,21:37:33,0.040
02/05/2023,21:37:34,0.042
02/05/2023,21:37:35,0.051
02/05/2023,21:37:36,0.042
02/05/2023,21:37:37,0.055
02/05/2023,21:37:38,0.054
02/05/2023,21:37:39,0.036
02/05/2023,21:37:40,0.046
02/05/2023,21:37:41,0.030
02/05/2023,21:37:42,0.060
02/05/2023,21:37:43,0.027
02/05/2023,21:37:44,0.031
02/05/2023,21:37:45,0.024
02/05/2023,21:37:46,0.036
02/05/2023,21:37:47,0.027
02/05/2023,21:37:48,0.041
02/05/2023,21:37:49,0.022
02/05/2023,21:37:50,0.039
02/05/2023,21:37:51,0.036

Instrument Name:,SidePak Aerosol Monitor
Model Number:,AM520
Serial Number:,5201701009
Test Name:,Test 55
Start Date:,02/05/2023
Start Time:,10:36:51
Duration (dd:hh:mm:ss):,00:00:01:00
Log Interval (mm:ss):,00:01
Number of points:,60
Description:,

Statistics Channel: ,MC
,Units:,mg/m³
,Average:,0.032
,Minimum:,0.017
,Time of Minimum:,10:37:14
,Date of Minimum:,02/05/2023
,Maximum:,0.056
,Time of Maximum:,10:37:22
,Date of Maximum:,02/05/2023

,TWA:,N/A

Calibration Sensor: ,Aerosol
,Cal factor:,1.00
,Cal date:,02/03/2023
,Cal name:,Factory

Date,Time,MC
MM/dd/yyyy,HH:mm:ss,mg/m³
02/05/2023,22:36:52,0.035
02/05/2023,22:36:53,0.033
02/05/2023,22:36:54,0.040
02/05/2023,22:36:55,0.037
02/05/2023,22:36:56,0.040
02/05/2023,22:36:57,0.037
02/05/2023,22:36:58,0.029
02/05/2023,22:36:59,0.027
02/05/2023,22:37:00,0.030
02/05/2023,22:37:01,0.047
02/05/2023,22:37:02,0.024
02/05/2023,22:37:03,0.025
02/05/2023,22:37:04,0.023
02/05/2023,22:37:05,0.023
02/05/2023,22:37:06,0.021
02/05/2023,22:37:07,0.027
02/05/2023,22:37:08,0.031
02/05/2023,22:37:09,0.037
02/05/2023,22:37:10,0.033
02/05/2023,22:37:11,0.027
02/05/2023,22:37:12,0.023
02/05/2023,22:37:13,0.025
02/05/2023,22:37:14,0.017
02/05/2023,22:37:15,0.035
02/05/2023,22:37:16,0.030
02/05/2023,22:37:17,0.040
02/05/2023,22:37:18,0.023
02/05/2023,22:37:19,0.022
02/05/2023,22:37:20,0.029
02/05/2023,22:37:21,0.033
02/05/2023,22:37:22,0.056
02/05/2023,22:37:23,0.027
02/05/2023,22:37:24,0.028
02/05/2023,22:37:25,0.049
02/05/2023,22:37:26,0.028
02/05/2023,22:37:27,0.036
02/05/2023,22:37:28,0.035
02/05/2023,22:37:29,0.037
02/05/2023,22:37:30,0.043
02/05/2023,22:37:31,0.026
02/05/2023,22:37:32,0.036
02/05/2023,22:37:33,0.025
02/05/2023,22:37:34,0.046
02/05/2023,22:37:35,0.036
02/05/2023,22:37:36,0.037
02/05/2023,22:37:37,0.030
02/05/2023,22:37:38,0.026
02/05/2023,22:37:39,0.033
02/05/2023,22:37:40,0.040
02/05/2023,22:37:41,0.024
02/05/2023,22:37:42,0.044
02/05/2023,22:37:43,0.030
02/05/2023,22:37:44,0.031
02/05/2023,22:37:45,0.028
02/05/2023,22:37:46,0.040
02/05/2023,22:37:47,0.028
02/05/2023,22:37:48,0.030
02/05/2023,22:37:49,0.023
02/05/2023,22:37:50,0.048
02/05/2023,22:37:51,0.024

Instrument Name:,SidePak Aerosol Monitor
Model Number:,AM520
Serial Number:,5201701009
Test Name:,Test 56
Start Date:,02/05/2023
Start Time:,11:36:51
Duration (dd:hh:mm:ss):,00:00:01:00
Log Interval (mm:ss):,00:01
Number of points:,60
Description:,

Statistics Channel: ,MC
,Units:,mg/m³
,Average:,0.034
,Minimum:,0.014
,Time of Minimum:,11:37:46
,Date of Minimum:,02/05/2023
,Maximum:,0.080
,Time of Maximum:,11:37:00
,Date of Maximum:,02/05/2023

,TWA:,N/A

Calibration Sensor: ,Aerosol
,Cal factor:,1.00
,Cal date:,02/03/2023
,Cal name:,Factory

Date,Time,MC
MM/dd/yyyy,HH:mm:ss,mg/m³
02/05/2023,23:36:52,0.048
02/05/2023,23:36:53,0.041
02/05/2023,23:36:54,0.043
02/05/2023,23:36:55,0.035
02/05/2023,23:36:56,0.046
02/05/2023,23:36:57,0.037
02/05/2023,23:36:58,0.057
02/05/2023,23:36:59,0.058
02/05/2023,23:37:00,0.080
02/05/2023,23:37:01,0.031
02/05/2023,23:37:02,0.036
02/05/2023,23:37:03,0.031
02/05/2023,23:37:04,0.034
02/05/2023,23:37:05,0.025
02/05/2023,23:37:06,0.030
02/05/2023,23:37:07,0.018
02/05/2023,23:37:08,0.032
02/05/2023,23:37:09,0.022
02/05/2023,23:37:10,0.020
02/05/2023,23:37:11,0.021
02/05/2023,23:37:12,0.032
02/05/2023,23:37:13,0.029
02/05/2023,23:37:14,0.023
02/05/2023,23:37:15,0.025
02/05/2023,23:37:16,0.030
02/05/2023,23:37:17,0.031
02/05/2023,23:37:18,0.036
02/05/2023,23:37:19,0.041
02/05/2023,23:37:20,0.054
02/05/2023,23:37:21,0.041
02/05/2023,23:37:22,0.053
02/05/2023,23:37:23,0.055
02/05/2023,23:37:24,0.053
02/05/2023,23:37:25,0.039
02/05/2023,23:37:26,0.052
02/05/2023,23:37:27,0.037
02/05/2023,23:37:28,0.035
02/05/2023,23:37:29,0.046
02/05/2023,23:37:30,0.046
02/05/2023,23:37:31,0.036
02/05/2023,23:37:32,0.042
02/05/2023,23:37:33,0.039
02/05/2023,23:37:34,0.029
02/05/2023,23:37:35,0.027
02/05/2023,23:37:36,0.028
02/05/2023,23:37:37,0.027
02/05/2023,23:37:38,0.023
02/05/2023,23:37:39,0.030
02/05/2023,23:37:40,0.030
02/05/2023,23:37:41,0.020
02/05/2023,23:37:42,0.018
02/05/2023,23:37:43,0.026
02/05/2023,23:37:44,0.023
02/05/2023,23:37:45,0.020
02/05/2023,23:37:46,0.014
02/05/2023,23:37:47,0.024
02/05/2023,23:37:48,0.026
02/05/2023,23:37:49,0.017
02/05/2023,23:37:50,0.026
02/05/2023,23:37:51,0.023

Instrument Name:,SidePak Aerosol Monitor
Model Number:,AM520
Serial Number:,5201701009
Test Name:,Test 57
Start Date:,02/06/2023
Start Time:,12:36:51
Duration (dd:hh:mm:ss):,00:00:01:00
Log Interval (mm:ss):,00:01
Number of points:,60
Description:,

Statistics Channel: ,MC
,Units:,mg/m³
,Average:,0.036
,Minimum:,0.017
,Time of Minimum:,12:37:16
,Date of Minimum:,02/06/2023
,Maximum:,0.060
,Time of Maximum:,12:37:42
,Date of Maximum:,02/06/2023

,TWA:,N/A

Calibration Sensor: ,Aerosol
,Cal factor:,1.00
,Cal date:,02/03/2023
,Cal name:,Factory

Date,Time,MC
MM/dd/yyyy,HH:mm:ss,mg/m³
02/06/2023,00:36:52,0.032
02/06/2023,00:36:53,0.027
02/06/2023,00:36:54,0.022
02/06/2023,00:36:55,0.034
02/06/2023,00:36:56,0.040
02/06/2023,00:36:57,0.036
02/06/2023,00:36:58,0.034
02/06/2023,00:36:59,0.048
02/06/2023,00:37:00,0.048
02/06/2023,00:37:01,0.034
02/06/2023,00:37:02,0.043
02/06/2023,00:37:03,0.049
02/06/2023,00:37:04,0.029
02/06/2023,00:37:05,0.032
02/06/2023,00:37:06,0.020
02/06/2023,00:37:07,0.022
02/06/2023,00:37:08,0.024
02/06/2023,00:37:09,0.027
02/06/2023,00:37:10,0.023
02/06/2023,00:37:11,0.025
02/06/2023,00:37:12,0.024
02/06/2023,00:37:13,0.026
02/06/2023,00:37:14,0.025
02/06/2023,00:37:15,0.034
02/06/2023,00:37:16,0.017
02/06/2023,00:37:17,0.027
02/06/2023,00:37:18,0.036
02/06/2023,00:37:19,0.024
02/06/2023,00:37:20,0.022
02/06/2023,00:37:21,0.022
02/06/2023,00:37:22,0.028
02/06/2023,00:37:23,0.032
02/06/2023,00:37:24,0.031
02/06/2023,00:37:25,0.045
02/06/2023,00:37:26,0.045
02/06/2023,00:37:27,0.043
02/06/2023,00:37:28,0.060
02/06/2023,00:37:29,0.034
02/06/2023,00:37:30,0.059
02/06/2023,00:37:31,0.040
02/06/2023,00:37:32,0.049
02/06/2023,00:37:33,0.037
02/06/2023,00:37:34,0.041
02/06/2023,00:37:35,0.038
02/06/2023,00:37:36,0.040
02/06/2023,00:37:37,0.035
02/06/2023,00:37:38,0.041
02/06/2023,00:37:39,0.035
02/06/2023,00:37:40,0.038
02/06/2023,00:37:41,0.039
02/06/2023,00:37:42,0.060
02/06/2023,00:37:43,0.040
02/06/2023,00:37:44,0.032
02/06/2023,00:37:45,0.043
02/06/2023,00:37:46,0.052
02/06/2023,00:37:47,0.039
02/06/2023,00:37:48,0.035
02/06/2023,00:37:49,0.032
02/06/2023,00:37:50,0.041
02/06/2023,00:37:51,0.049

Instrument Name:,SidePak Aerosol Monitor
Model Number:,AM520
Serial Number:,5201701009
Test Name:,Test 58
Start Date:,02/06/2023
Start Time:,01:36:51
Duration (dd:hh:mm:ss):,00:00:01:00
Log Interval (mm:ss):,00:01
Number of points:,60
Description:,

Statistics Channel: ,MC
,Units:,mg/m³
,Average:,0.031
,Minimum:,0.011
,Time of Minimum:,01:37:34
,Date of Minimum:,02/06/2023
,Maximum:,0.106
,Time of Maximum:,01:37:36
,Date of Maximum:,02/06/2023

,TWA:,N/A

Calibration Sensor: ,Aerosol
,Cal factor:,1.00
,Cal date:,02/03/2023
,Cal name:,Factory

Date,Time,MC
MM/dd/yyyy,HH:mm:ss,mg/m³
02/06/2023,01:36:52,0.018
02/06/2023,01:36:53,0.017
02/06/2023,01:36:54,0.016
02/06/2023,01:36:55,0.017
02/06/2023,01:36:56,0.015
02/06/2023,01:36:57,0.013
02/06/2023,01:36:58,0.021
02/06/2023,01:36:59,0.018
02/06/2023,01:37:00,0.017
02/06/2023,01:37:01,0.021
02/06/2023,01:37:02,0.031
02/06/2023,01:37:03,0.027
02/06/2023,01:37:04,0.028
02/06/2023,01:37:05,0.019
02/06/2023,01:37:06,0.028
02/06/2023,01:37:07,0.036
02/06/2023,01:37:08,0.033
02/06/2023,01:37:09,0.042
02/06/2023,01:37:10,0.042
02/06/2023,01:37:11,0.039
02/06/2023,01:37:12,0.041
02/06/2023,01:37:13,0.036
02/06/2023,01:37:14,0.038
02/06/2023,01:37:15,0.046
02/06/2023,01:37:16,0.039
02/06/2023,01:37:17,0.032
02/06/2023,01:37:18,0.055
02/06/2023,01:37:19,0.035
02/06/2023,01:37:20,0.035
02/06/2023,01:37:21,0.023
02/06/2023,01:37:22,0.042
02/06/2023,01:37:23,0.025
02/06/2023,01:37:24,0.020
02/06/2023,01:37:25,0.017
02/06/2023,01:37:26,0.032
02/06/2023,01:37:27,0.031
02/06/2023,01:37:28,0.024
02/06/2023,01:37:29,0.020
02/06/2023,01:37:30,0.028
02/06/2023,01:37:31,0.020
02/06/2023,01:37:32,0.020
02/06/2023,01:37:33,0.030
02/06/2023,01:37:34,0.011
02/06/2023,01:37:35,0.022
02/06/2023,01:37:36,0.106
02/06/2023,01:37:37,0.038
02/06/2023,01:37:38,0.031
02/06/2023,01:37:39,0.044
02/06/2023,01:37:40,0.033
02/06/2023,01:37:41,0.035
02/06/2023,01:37:42,0.036
02/06/2023,01:37:43,0.043
02/06/2023,01:37:44,0.034
02/06/2023,01:37:45,0.037
02/06/2023,01:37:46,0.050
02/06/2023,01:37:47,0.032
02/06/2023,01:37:48,0.031
02/06/2023,01:37:49,0.029
02/06/2023,01:37:50,0.035
02/06/2023,01:37:51,0.038

Instrument Name:,SidePak Aerosol Monitor
Model Number:,AM520
Serial Number:,5201701009
Test Name:,Test 59
Start Date:,02/06/2023
Start Time:,02:36:52
Duration (dd:hh:mm:ss):,00:00:01:00
Log Interval (mm:ss):,00:01
Number of points:,60
Description:,

Statistics Channel: ,MC
,Units:,mg/m³
,Average:,0.025
,Minimum:,0.007
,Time of Minimum:,02:37:00
,Date of Minimum:,02/06/2023
,Maximum:,0.058
,Time of Maximum:,02:37:38
,Date of Maximum:,02/06/2023

,TWA:,N/A

Calibration Sensor: ,Aerosol
,Cal factor:,1.00
,Cal date:,02/03/2023
,Cal name:,Factory

Date,Time,MC
MM/dd/yyyy,HH:mm:ss,mg/m³
02/06/2023,02:36:53,0.038
02/06/2023,02:36:54,0.033
02/06/2023,02:36:55,0.019
02/06/2023,02:36:56,0.021
02/06/2023,02:36:57,0.022
02/06/2023,02:36:58,0.014
02/06/2023,02:36:59,0.018
02/06/2023,02:37:00,0.007
02/06/2023,02:37:01,0.009
02/06/2023,02:37:02,0.012
02/06/2023,02:37:03,0.012
02/06/2023,02:37:04,0.016
02/06/2023,02:37:05,0.015
02/06/2023,02:37:06,0.027
02/06/2023,02:37:07,0.033
02/06/2023,02:37:08,0.042
02/06/2023,02:37:09,0.031
02/06/2023,02:37:10,0.033
02/06/2023,02:37:11,0.038
02/06/2023,02:37:12,0.034
02/06/2023,02:37:13,0.041
02/06/2023,02:37:14,0.029
02/06/2023,02:37:15,0.031
02/06/2023,02:37:16,0.032
02/06/2023,02:37:17,0.032
02/06/2023,02:37:18,0.024
02/06/2023,02:37:19,0.022
02/06/2023,02:37:20,0.020
02/06/2023,02:37:21,0.020
02/06/2023,02:37:22,0.009
02/06/2023,02:37:23,0.017
02/06/2023,02:37:24,0.012
02/06/2023,02:37:25,0.018
02/06/2023,02:37:26,0.011
02/06/2023,02:37:27,0.018
02/06/2023,02:37:28,0.014
02/06/2023,02:37:29,0.018
02/06/2023,02:37:30,0.012
02/06/2023,02:37:31,0.038
02/06/2023,02:37:32,0.019
02/06/2023,02:37:33,0.015
02/06/2023,02:37:34,0.013
02/06/2023,02:37:35,0.034
02/06/2023,02:37:36,0.027
02/06/2023,02:37:37,0.025
02/06/2023,02:37:38,0.058
02/06/2023,02:37:39,0.026
02/06/2023,02:37:40,0.024
02/06/2023,02:37:41,0.028
02/06/2023,02:37:42,0.029
02/06/2023,02:37:43,0.026
02/06/2023,02:37:44,0.031
02/06/2023,02:37:45,0.035
02/06/2023,02:37:46,0.026
02/06/2023,02:37:47,0.031
02/06/2023,02:37:48,0.025
02/06/2023,02:37:49,0.037
02/06/2023,02:37:50,0.053
02/06/2023,02:37:51,0.025
02/06/2023,02:37:52,0.036

Instrument Name:,SidePak Aerosol Monitor
Model Number:,AM520
Serial Number:,5201701009
Test Name:,Test 60
Start Date:,02/06/2023
Start Time:,03:36:52
Duration (dd:hh:mm:ss):,00:00:01:00
Log Interval (mm:ss):,00:01
Number of points:,60
Description:,

Statistics Channel: ,MC
,Units:,mg/m³
,Average:,0.018
,Minimum:,0.003
,Time of Minimum:,03:37:14
,Date of Minimum:,02/06/2023
,Maximum:,0.036
,Time of Maximum:,03:37:03
,Date of Maximum:,02/06/2023

,TWA:,N/A

Calibration Sensor: ,Aerosol
,Cal factor:,1.00
,Cal date:,02/03/2023
,Cal name:,Factory

Date,Time,MC
MM/dd/yyyy,HH:mm:ss,mg/m³
02/06/2023,03:36:53,0.027
02/06/2023,03:36:54,0.023
02/06/2023,03:36:55,0.027
02/06/2023,03:36:56,0.023
02/06/2023,03:36:57,0.018
02/06/2023,03:36:58,0.025
02/06/2023,03:36:59,0.017
02/06/2023,03:37:00,0.022
02/06/2023,03:37:01,0.022
02/06/2023,03:37:02,0.020
02/06/2023,03:37:03,0.036
02/06/2023,03:37:04,0.030
02/06/2023,03:37:05,0.022
02/06/2023,03:37:06,0.018
02/06/2023,03:37:07,0.018
02/06/2023,03:37:08,0.018
02/06/2023,03:37:09,0.011
02/06/2023,03:37:10,0.019
02/06/2023,03:37:11,0.017
02/06/2023,03:37:12,0.013
02/06/2023,03:37:13,0.009
02/06/2023,03:37:14,0.003
02/06/2023,03:37:15,0.017
02/06/2023,03:37:16,0.009
02/06/2023,03:37:17,0.011
02/06/2023,03:37:18,0.007
02/06/2023,03:37:19,0.016
02/06/2023,03:37:20,0.007
02/06/2023,03:37:21,0.012
02/06/2023,03:37:22,0.021
02/06/2023,03:37:23,0.006
02/06/2023,03:37:24,0.014
02/06/2023,03:37:25,0.008
02/06/2023,03:37:26,0.015
02/06/2023,03:37:27,0.010
02/06/2023,03:37:28,0.010
02/06/2023,03:37:29,0.011
02/06/2023,03:37:30,0.005
02/06/2023,03:37:31,0.006
02/06/2023,03:37:32,0.006
02/06/2023,03:37:33,0.013
02/06/2023,03:37:34,0.008
02/06/2023,03:37:35,0.016
02/06/2023,03:37:36,0.011
02/06/2023,03:37:37,0.012
02/06/2023,03:37:38,0.012
02/06/2023,03:37:39,0.012
02/06/2023,03:37:40,0.022
02/06/2023,03:37:41,0.027
02/06/2023,03:37:42,0.023
02/06/2023,03:37:43,0.024
02/06/2023,03:37:44,0.021
02/06/2023,03:37:45,0.030
02/06/2023,03:37:46,0.031
02/06/2023,03:37:47,0.022
02/06/2023,03:37:48,0.029
02/06/2023,03:37:49,0.029
02/06/2023,03:37:50,0.033
02/06/2023,03:37:51,0.025
02/06/2023,03:37:52,0.025

Instrument Name:,SidePak Aerosol Monitor
Model Number:,AM520
Serial Number:,5201701009
Test Name:,Test 61
Start Date:,02/06/2023
Start Time:,04:36:52
Duration (dd:hh:mm:ss):,00:00:01:00
Log Interval (mm:ss):,00:01
Number of points:,60
Description:,

Statistics Channel: ,MC
,Units:,mg/m³
,Average:,0.016
,Minimum:,0.003
,Time of Minimum:,04:37:15
,Date of Minimum:,02/06/2023
,Maximum:,0.039
,Time of Maximum:,04:37:32
,Date of Maximum:,02/06/2023

,TWA:,N/A

Calibration Sensor: ,Aerosol
,Cal factor:,1.00
,Cal date:,02/03/2023
,Cal name:,Factory

Date,Time,MC
MM/dd/yyyy,HH:mm:ss,mg/m³
02/06/2023,04:36:53,0.017
02/06/2023,04:36:54,0.020
02/06/2023,04:36:55,0.017
02/06/2023,04:36:56,0.017
02/06/2023,04:36:57,0.021
02/06/2023,04:36:58,0.021
02/06/2023,04:36:59,0.023
02/06/2023,04:37:00,0.022
02/06/2023,04:37:01,0.015
02/06/2023,04:37:02,0.020
02/06/2023,04:37:03,0.012
02/06/2023,04:37:04,0.018
02/06/2023,04:37:05,0.016
02/06/2023,04:37:06,0.006
02/06/2023,04:37:07,0.016
02/06/2023,04:37:08,0.004
02/06/2023,04:37:09,0.011
02/06/2023,04:37:10,0.003
02/06/2023,04:37:11,0.004
02/06/2023,04:37:12,0.003
02/06/2023,04:37:13,0.003
02/06/2023,04:37:14,0.006
02/06/2023,04:37:15,0.003
02/06/2023,04:37:16,0.021
02/06/2023,04:37:17,0.014
02/06/2023,04:37:18,0.008
02/06/2023,04:37:19,0.004
02/06/2023,04:37:20,0.008
02/06/2023,04:37:21,0.021
02/06/2023,04:37:22,0.012
02/06/2023,04:37:23,0.011
02/06/2023,04:37:24,0.014
02/06/2023,04:37:25,0.019
02/06/2023,04:37:26,0.015
02/06/2023,04:37:27,0.028
02/06/2023,04:37:28,0.018
02/06/2023,04:37:29,0.017
02/06/2023,04:37:30,0.022
02/06/2023,04:37:31,0.021
02/06/2023,04:37:32,0.039
02/06/2023,04:37:33,0.022
02/06/2023,04:37:34,0.026
02/06/2023,04:37:35,0.017
02/06/2023,04:37:36,0.025
02/06/2023,04:37:37,0.015
02/06/2023,04:37:38,0.018
02/06/2023,04:37:39,0.021
02/06/2023,04:37:40,0.025
02/06/2023,04:37:41,0.020
02/06/2023,04:37:42,0.021
02/06/2023,04:37:43,0.022
02/06/2023,04:37:44,0.014
02/06/2023,04:37:45,0.012
02/06/2023,04:37:46,0.014
02/06/2023,04:37:47,0.015
02/06/2023,04:37:48,0.012
02/06/2023,04:37:49,0.010
02/06/2023,04:37:50,0.015
02/06/2023,04:37:51,0.006
02/06/2023,04:37:52,0.014

Instrument Name:,SidePak Aerosol Monitor
Model Number:,AM520
Serial Number:,5201701009
Test Name:,Test 62
Start Date:,02/06/2023
Start Time:,05:36:52
Duration (dd:hh:mm:ss):,00:00:01:00
Log Interval (mm:ss):,00:01
Number of points:,60
Description:,

Statistics Channel: ,MC
,Units:,mg/m³
,Average:,0.011
,Minimum:,0.000
,Time of Minimum:,05:37:48
,Date of Minimum:,02/06/2023
,Maximum:,0.035
,Time of Maximum:,05:37:05
,Date of Maximum:,02/06/2023

,TWA:,N/A

Calibration Sensor: ,Aerosol
,Cal factor:,1.00
,Cal date:,02/03/2023
,Cal name:,Factory

Date,Time,MC
MM/dd/yyyy,HH:mm:ss,mg/m³
02/06/2023,05:36:53,0.011
02/06/2023,05:36:54,0.012
02/06/2023,05:36:55,0.012
02/06/2023,05:36:56,0.001
02/06/2023,05:36:57,0.003
02/06/2023,05:36:58,0.005
02/06/2023,05:36:59,0.011
02/06/2023,05:37:00,0.002
02/06/2023,05:37:01,0.000
02/06/2023,05:37:02,0.001
02/06/2023,05:37:03,0.003
02/06/2023,05:37:04,0.000
02/06/2023,05:37:05,0.035
02/06/2023,05:37:06,0.005
02/06/2023,05:37:07,0.008
02/06/2023,05:37:08,0.006
02/06/2023,05:37:09,0.012
02/06/2023,05:37:10,0.011
02/06/2023,05:37:11,0.014
02/06/2023,05:37:12,0.011
02/06/2023,05:37:13,0.026
02/06/2023,05:37:14,0.017
02/06/2023,05:37:15,0.021
02/06/2023,05:37:16,0.028
02/06/2023,05:37:17,0.020
02/06/2023,05:37:18,0.022
02/06/2023,05:37:19,0.019
02/06/2023,05:37:20,0.019
02/06/2023,05:37:21,0.027
02/06/2023,05:37:22,0.018
02/06/2023,05:37:23,0.016
02/06/2023,05:37:24,0.019
02/06/2023,05:37:25,0.016
02/06/2023,05:37:26,0.018
02/06/2023,05:37:27,0.019
02/06/2023,05:37:28,0.019
02/06/2023,05:37:29,0.018
02/06/2023,05:37:30,0.020
02/06/2023,05:37:31,0.007
02/06/2023,05:37:32,0.007
02/06/2023,05:37:33,0.011
02/06/2023,05:37:34,0.000
02/06/2023,05:37:35,0.002
02/06/2023,05:37:36,0.001
02/06/2023,05:37:37,0.006
02/06/2023,05:37:38,0.007
02/06/2023,05:37:39,0.003
02/06/2023,05:37:40,0.010
02/06/2023,05:37:41,0.003
02/06/2023,05:37:42,0.001
02/06/2023,05:37:43,0.003
02/06/2023,05:37:44,0.021
02/06/2023,05:37:45,0.007
02/06/2023,05:37:46,0.003
02/06/2023,05:37:47,0.000
02/06/2023,05:37:48,0.000
02/06/2023,05:37:49,0.001
02/06/2023,05:37:50,0.013
02/06/2023,05:37:51,0.002
02/06/2023,05:37:52,0.003

Instrument Name:,SidePak Aerosol Monitor
Model Number:,AM520
Serial Number:,5201701009
Test Name:,Test 63
Start Date:,02/06/2023
Start Time:,06:36:52
Duration (dd:hh:mm:ss):,00:00:01:00
Log Interval (mm:ss):,00:01
Number of points:,60
Description:,

Statistics Channel: ,MC
,Units:,mg/m³
,Average:,0.013
,Minimum:,0.000
,Time of Minimum:,06:37:04
,Date of Minimum:,02/06/2023
,Maximum:,0.058
,Time of Maximum:,06:37:16
,Date of Maximum:,02/06/2023

,TWA:,N/A

Calibration Sensor: ,Aerosol
,Cal factor:,1.00
,Cal date:,02/03/2023
,Cal name:,Factory

Date,Time,MC
MM/dd/yyyy,HH:mm:ss,mg/m³
02/06/2023,06:36:53,0.003
02/06/2023,06:36:54,0.005
02/06/2023,06:36:55,0.000
02/06/2023,06:36:56,0.003
02/06/2023,06:36:57,0.000
02/06/2023,06:36:58,0.000
02/06/2023,06:36:59,0.000
02/06/2023,06:37:00,0.001
02/06/2023,06:37:01,0.004
02/06/2023,06:37:02,0.005
02/06/2023,06:37:03,0.006
02/06/2023,06:37:04,0.000
02/06/2023,06:37:05,0.003
02/06/2023,06:37:06,0.005
02/06/2023,06:37:07,0.002
02/06/2023,06:37:08,0.011
02/06/2023,06:37:09,0.003
02/06/2023,06:37:10,0.002
02/06/2023,06:37:11,0.004
02/06/2023,06:37:12,0.008
02/06/2023,06:37:13,0.012
02/06/2023,06:37:14,0.025
02/06/2023,06:37:15,0.010
02/06/2023,06:37:16,0.058
02/06/2023,06:37:17,0.014
02/06/2023,06:37:18,0.016
02/06/2023,06:37:19,0.015
02/06/2023,06:37:20,0.019
02/06/2023,06:37:21,0.018
02/06/2023,06:37:22,0.009
02/06/2023,06:37:23,0.021
02/06/2023,06:37:24,0.008
02/06/2023,06:37:25,0.012
02/06/2023,06:37:26,0.012
02/06/2023,06:37:27,0.024
02/06/2023,06:37:28,0.018
02/06/2023,06:37:29,0.016
02/06/2023,06:37:30,0.018
02/06/2023,06:37:31,0.019
02/06/2023,06:37:32,0.024
02/06/2023,06:37:33,0.012
02/06/2023,06:37:34,0.018
02/06/2023,06:37:35,0.014
02/06/2023,06:37:36,0.018
02/06/2023,06:37:37,0.017
02/06/2023,06:37:38,0.016
02/06/2023,06:37:39,0.019
02/06/2023,06:37:40,0.020
02/06/2023,06:37:41,0.015
02/06/2023,06:37:42,0.017
02/06/2023,06:37:43,0.015
02/06/2023,06:37:44,0.024
02/06/2023,06:37:45,0.025
02/06/2023,06:37:46,0.019
02/06/2023,06:37:47,0.017
02/06/2023,06:37:48,0.019
02/06/2023,06:37:49,0.019
02/06/2023,06:37:50,0.018
02/06/2023,06:37:51,0.022
02/06/2023,06:37:52,0.013

Instrument Name:,SidePak Aerosol Monitor
Model Number:,AM520
Serial Number:,5201701009
Test Name:,Test 64
Start Date:,02/06/2023
Start Time:,07:36:52
Duration (dd:hh:mm:ss):,00:00:01:00
Log Interval (mm:ss):,00:01
Number of points:,60
Description:,

Statistics Channel: ,MC
,Units:,mg/m³
,Average:,0.009
,Minimum:,0.000
,Time of Minimum:,07:37:33
,Date of Minimum:,02/06/2023
,Maximum:,0.040
,Time of Maximum:,07:37:30
,Date of Maximum:,02/06/2023

,TWA:,N/A

Calibration Sensor: ,Aerosol
,Cal factor:,1.00
,Cal date:,02/03/2023
,Cal name:,Factory

Date,Time,MC
MM/dd/yyyy,HH:mm:ss,mg/m³
02/06/2023,07:36:53,0.021
02/06/2023,07:36:54,0.017
02/06/2023,07:36:55,0.025
02/06/2023,07:36:56,0.021
02/06/2023,07:36:57,0.015
02/06/2023,07:36:58,0.030
02/06/2023,07:36:59,0.019
02/06/2023,07:37:00,0.014
02/06/2023,07:37:01,0.016
02/06/2023,07:37:02,0.011
02/06/2023,07:37:03,0.017
02/06/2023,07:37:04,0.007
02/06/2023,07:37:05,0.013
02/06/2023,07:37:06,0.009
02/06/2023,07:37:07,0.005
02/06/2023,07:37:08,0.011
02/06/2023,07:37:09,0.000
02/06/2023,07:37:10,0.002
02/06/2023,07:37:11,0.000
02/06/2023,07:37:12,0.001
02/06/2023,07:37:13,0.004
02/06/2023,07:37:14,0.003
02/06/2023,07:37:15,0.000
02/06/2023,07:37:16,0.002
02/06/2023,07:37:17,0.022
02/06/2023,07:37:18,0.000
02/06/2023,07:37:19,0.001
02/06/2023,07:37:20,0.007
02/06/2023,07:37:21,0.010
02/06/2023,07:37:22,0.007
02/06/2023,07:37:23,0.001
02/06/2023,07:37:24,0.004
02/06/2023,07:37:25,0.002
02/06/2023,07:37:26,0.007
02/06/2023,07:37:27,0.000
02/06/2023,07:37:28,0.000
02/06/2023,07:37:29,0.000
02/06/2023,07:37:30,0.040
02/06/2023,07:37:31,0.000
02/06/2023,07:37:32,0.001
02/06/2023,07:37:33,0.000
02/06/2023,07:37:34,0.003
02/06/2023,07:37:35,0.002
02/06/2023,07:37:36,0.007
02/06/2023,07:37:37,0.011
02/06/2023,07:37:38,0.014
02/06/2023,07:37:39,0.004
02/06/2023,07:37:40,0.005
02/06/2023,07:37:41,0.010
02/06/2023,07:37:42,0.010
02/06/2023,07:37:43,0.017
02/06/2023,07:37:44,0.006
02/06/2023,07:37:45,0.011
02/06/2023,07:37:46,0.008
02/06/2023,07:37:47,0.015
02/06/2023,07:37:48,0.013
02/06/2023,07:37:49,0.007
02/06/2023,07:37:50,0.005
02/06/2023,07:37:51,0.014
02/06/2023,07:37:52,0.005

Instrument Name:,SidePak Aerosol Monitor
Model Number:,AM520
Serial Number:,5201701009
Test Name:,Test 65
Start Date:,02/06/2023
Start Time:,08:36:52
Duration (dd:hh:mm:ss):,00:00:01:00
Log Interval (mm:ss):,00:01
Number of points:,60
Description:,

Statistics Channel: ,MC
,Units:,mg/m³
,Average:,0.019
,Minimum:,0.003
,Time of Minimum:,08:37:49
,Date of Minimum:,02/06/2023
,Maximum:,0.035
,Time of Maximum:,08:37:24
,Date of Maximum:,02/06/2023

,TWA:,N/A

Calibration Sensor: ,Aerosol
,Cal factor:,1.00
,Cal date:,02/03/2023
,Cal name:,Factory

Date,Time,MC
MM/dd/yyyy,HH:mm:ss,mg/m³
02/06/2023,08:36:53,0.016
02/06/2023,08:36:54,0.005
02/06/2023,08:36:55,0.005
02/06/2023,08:36:56,0.007
02/06/2023,08:36:57,0.023
02/06/2023,08:36:58,0.025
02/06/2023,08:36:59,0.020
02/06/2023,08:37:00,0.019
02/06/2023,08:37:01,0.027
02/06/2023,08:37:02,0.028
02/06/2023,08:37:03,0.035
02/06/2023,08:37:04,0.026
02/06/2023,08:37:05,0.028
02/06/2023,08:37:06,0.018
02/06/2023,08:37:07,0.026
02/06/2023,08:37:08,0.014
02/06/2023,08:37:09,0.015
02/06/2023,08:37:10,0.010
02/06/2023,08:37:11,0.008
02/06/2023,08:37:12,0.012
02/06/2023,08:37:13,0.008
02/06/2023,08:37:14,0.009
02/06/2023,08:37:15,0.007
02/06/2023,08:37:16,0.015
02/06/2023,08:37:17,0.016
02/06/2023,08:37:18,0.023
02/06/2023,08:37:19,0.017
02/06/2023,08:37:20,0.024
02/06/2023,08:37:21,0.030
02/06/2023,08:37:22,0.027
02/06/2023,08:37:23,0.024
02/06/2023,08:37:24,0.035
02/06/2023,08:37:25,0.025
02/06/2023,08:37:26,0.031
02/06/2023,08:37:27,0.015
02/06/2023,08:37:28,0.014
02/06/2023,08:37:29,0.012
02/06/2023,08:37:30,0.034
02/06/2023,08:37:31,0.007
02/06/2023,08:37:32,0.016
02/06/2023,08:37:33,0.016
02/06/2023,08:37:34,0.014
02/06/2023,08:37:35,0.015
02/06/2023,08:37:36,0.022
02/06/2023,08:37:37,0.027
02/06/2023,08:37:38,0.025
02/06/2023,08:37:39,0.028
02/06/2023,08:37:40,0.028
02/06/2023,08:37:41,0.027
02/06/2023,08:37:42,0.024
02/06/2023,08:37:43,0.026
02/06/2023,08:37:44,0.023
02/06/2023,08:37:45,0.029
02/06/2023,08:37:46,0.017
02/06/2023,08:37:47,0.012
02/06/2023,08:37:48,0.014
02/06/2023,08:37:49,0.003
02/06/2023,08:37:50,0.007
02/06/2023,08:37:51,0.009
02/06/2023,08:37:52,0.011

Instrument Name:,SidePak Aerosol Monitor
Model Number:,AM520
Serial Number:,5201701009
Test Name:,Test 66
Start Date:,02/06/2023
Start Time:,09:36:52
Duration (dd:hh:mm:ss):,00:00:01:00
Log Interval (mm:ss):,00:01
Number of points:,60
Description:,

Statistics Channel: ,MC
,Units:,mg/m³
,Average:,0.025
,Minimum:,0.002
,Time of Minimum:,09:37:28
,Date of Minimum:,02/06/2023
,Maximum:,0.046
,Time of Maximum:,09:37:16
,Date of Maximum:,02/06/2023

,TWA:,N/A

Calibration Sensor: ,Aerosol
,Cal factor:,1.00
,Cal date:,02/03/2023
,Cal name:,Factory

Date,Time,MC
MM/dd/yyyy,HH:mm:ss,mg/m³
02/06/2023,09:36:53,0.017
02/06/2023,09:36:54,0.026
02/06/2023,09:36:55,0.026
02/06/2023,09:36:56,0.038
02/06/2023,09:36:57,0.024
02/06/2023,09:36:58,0.022
02/06/2023,09:36:59,0.025
02/06/2023,09:37:00,0.023
02/06/2023,09:37:01,0.034
02/06/2023,09:37:02,0.031
02/06/2023,09:37:03,0.033
02/06/2023,09:37:04,0.023
02/06/2023,09:37:05,0.031
02/06/2023,09:37:06,0.031
02/06/2023,09:37:07,0.032
02/06/2023,09:37:08,0.031
02/06/2023,09:37:09,0.033
02/06/2023,09:37:10,0.028
02/06/2023,09:37:11,0.026
02/06/2023,09:37:12,0.031
02/06/2023,09:37:13,0.035
02/06/2023,09:37:14,0.027
02/06/2023,09:37:15,0.032
02/06/2023,09:37:16,0.046
02/06/2023,09:37:17,0.041
02/06/2023,09:37:18,0.028
02/06/2023,09:37:19,0.023
02/06/2023,09:37:20,0.016
02/06/2023,09:37:21,0.023
02/06/2023,09:37:22,0.017
02/06/2023,09:37:23,0.011
02/06/2023,09:37:24,0.009
02/06/2023,09:37:25,0.014
02/06/2023,09:37:26,0.016
02/06/2023,09:37:27,0.020
02/06/2023,09:37:28,0.002
02/06/2023,09:37:29,0.018
02/06/2023,09:37:30,0.015
02/06/2023,09:37:31,0.010
02/06/2023,09:37:32,0.017
02/06/2023,09:37:33,0.016
02/06/2023,09:37:34,0.012
02/06/2023,09:37:35,0.014
02/06/2023,09:37:36,0.022
02/06/2023,09:37:37,0.018
02/06/2023,09:37:38,0.016
02/06/2023,09:37:39,0.019
02/06/2023,09:37:40,0.021
02/06/2023,09:37:41,0.026
02/06/2023,09:37:42,0.040
02/06/2023,09:37:43,0.025
02/06/2023,09:37:44,0.031
02/06/2023,09:37:45,0.033
02/06/2023,09:37:46,0.032
02/06/2023,09:37:47,0.028
02/06/2023,09:37:48,0.026
02/06/2023,09:37:49,0.029
02/06/2023,09:37:50,0.027
02/06/2023,09:37:51,0.026
02/06/2023,09:37:52,0.036

Instrument Name:,SidePak Aerosol Monitor
Model Number:,AM520
Serial Number:,5201701009
Test Name:,Test 67
Start Date:,02/06/2023
Start Time:,10:36:52
Duration (dd:hh:mm:ss):,00:00:01:00
Log Interval (mm:ss):,00:01
Number of points:,60
Description:,

Statistics Channel: ,MC
,Units:,mg/m³
,Average:,0.020
,Minimum:,0.006
,Time of Minimum:,10:37:51
,Date of Minimum:,02/06/2023
,Maximum:,0.040
,Time of Maximum:,10:36:54
,Date of Maximum:,02/06/2023

,TWA:,N/A

Calibration Sensor: ,Aerosol
,Cal factor:,1.00
,Cal date:,02/03/2023
,Cal name:,Factory

Date,Time,MC
MM/dd/yyyy,HH:mm:ss,mg/m³
02/06/2023,10:36:53,0.020
02/06/2023,10:36:54,0.040
02/06/2023,10:36:55,0.023
02/06/2023,10:36:56,0.022
02/06/2023,10:36:57,0.026
02/06/2023,10:36:58,0.029
02/06/2023,10:36:59,0.035
02/06/2023,10:37:00,0.037
02/06/2023,10:37:01,0.031
02/06/2023,10:37:02,0.036
02/06/2023,10:37:03,0.034
02/06/2023,10:37:04,0.025
02/06/2023,10:37:05,0.024
02/06/2023,10:37:06,0.025
02/06/2023,10:37:07,0.029
02/06/2023,10:37:08,0.027
02/06/2023,10:37:09,0.016
02/06/2023,10:37:10,0.029
02/06/2023,10:37:11,0.019
02/06/2023,10:37:12,0.032
02/06/2023,10:37:13,0.024
02/06/2023,10:37:14,0.024
02/06/2023,10:37:15,0.015
02/06/2023,10:37:16,0.018
02/06/2023,10:37:17,0.010
02/06/2023,10:37:18,0.023
02/06/2023,10:37:19,0.015
02/06/2023,10:37:20,0.010
02/06/2023,10:37:21,0.020
02/06/2023,10:37:22,0.016
02/06/2023,10:37:23,0.022
02/06/2023,10:37:24,0.015
02/06/2023,10:37:25,0.007
02/06/2023,10:37:26,0.011
02/06/2023,10:37:27,0.012
02/06/2023,10:37:28,0.013
02/06/2023,10:37:29,0.012
02/06/2023,10:37:30,0.012
02/06/2023,10:37:31,0.009
02/06/2023,10:37:32,0.007
02/06/2023,10:37:33,0.021
02/06/2023,10:37:34,0.011
02/06/2023,10:37:35,0.029
02/06/2023,10:37:36,0.019
02/06/2023,10:37:37,0.014
02/06/2023,10:37:38,0.029
02/06/2023,10:37:39,0.008
02/06/2023,10:37:40,0.009
02/06/2023,10:37:41,0.012
02/06/2023,10:37:42,0.013
02/06/2023,10:37:43,0.028
02/06/2023,10:37:44,0.025
02/06/2023,10:37:45,0.018
02/06/2023,10:37:46,0.014
02/06/2023,10:37:47,0.015
02/06/2023,10:37:48,0.017
02/06/2023,10:37:49,0.012
02/06/2023,10:37:50,0.015
02/06/2023,10:37:51,0.006
02/06/2023,10:37:52,0.014

Instrument Name:,SidePak Aerosol Monitor
Model Number:,AM520
Serial Number:,5201701009
Test Name:,Test 68
Start Date:,02/06/2023
Start Time:,11:36:52
Duration (dd:hh:mm:ss):,00:00:01:00
Log Interval (mm:ss):,00:01
Number of points:,60
Description:,

Statistics Channel: ,MC
,Units:,mg/m³
,Average:,0.032
,Minimum:,0.009
,Time of Minimum:,11:37:05
,Date of Minimum:,02/06/2023
,Maximum:,0.058
,Time of Maximum:,11:37:31
,Date of Maximum:,02/06/2023

,TWA:,N/A

Calibration Sensor: ,Aerosol
,Cal factor:,1.00
,Cal date:,02/03/2023
,Cal name:,Factory

Date,Time,MC
MM/dd/yyyy,HH:mm:ss,mg/m³
02/06/2023,11:36:53,0.025
02/06/2023,11:36:54,0.052
02/06/2023,11:36:55,0.031
02/06/2023,11:36:56,0.042
02/06/2023,11:36:57,0.046
02/06/2023,11:36:58,0.032
02/06/2023,11:36:59,0.039
02/06/2023,11:37:00,0.044
02/06/2023,11:37:01,0.046
02/06/2023,11:37:02,0.022
02/06/2023,11:37:03,0.030
02/06/2023,11:37:04,0.015
02/06/2023,11:37:05,0.009
02/06/2023,11:37:06,0.025
02/06/2023,11:37:07,0.013
02/06/2023,11:37:08,0.055
02/06/2023,11:37:09,0.035
02/06/2023,11:37:10,0.022
02/06/2023,11:37:11,0.036
02/06/2023,11:37:12,0.030
02/06/2023,11:37:13,0.030
02/06/2023,11:37:14,0.050
02/06/2023,11:37:15,0.042
02/06/2023,11:37:16,0.043
02/06/2023,11:37:17,0.030
02/06/2023,11:37:18,0.034
02/06/2023,11:37:19,0.031
02/06/2023,11:37:20,0.029
02/06/2023,11:37:21,0.029
02/06/2023,11:37:22,0.039
02/06/2023,11:37:23,0.037
02/06/2023,11:37:24,0.025
02/06/2023,11:37:25,0.026
02/06/2023,11:37:26,0.022
02/06/2023,11:37:27,0.023
02/06/2023,11:37:28,0.028
02/06/2023,11:37:29,0.014
02/06/2023,11:37:30,0.024
02/06/2023,11:37:31,0.058
02/06/2023,11:37:32,0.021
02/06/2023,11:37:33,0.027
02/06/2023,11:37:34,0.026
02/06/2023,11:37:35,0.034
02/06/2023,11:37:36,0.032
02/06/2023,11:37:37,0.040
02/06/2023,11:37:38,0.039
02/06/2023,11:37:39,0.036
02/06/2023,11:37:40,0.036
02/06/2023,11:37:41,0.040
02/06/2023,11:37:42,0.037
02/06/2023,11:37:43,0.034
02/06/2023,11:37:44,0.035
02/06/2023,11:37:45,0.035
02/06/2023,11:37:46,0.026
02/06/2023,11:37:47,0.036
02/06/2023,11:37:48,0.033
02/06/2023,11:37:49,0.025
02/06/2023,11:37:50,0.027
02/06/2023,11:37:51,0.022
02/06/2023,11:37:52,0.034

Instrument Name:,SidePak Aerosol Monitor
Model Number:,AM520
Serial Number:,5201701009
Test Name:,Test 69
Start Date:,02/06/2023
Start Time:,12:36:53
Duration (dd:hh:mm:ss):,00:00:01:00
Log Interval (mm:ss):,00:01
Number of points:,60
Description:,

Statistics Channel: ,MC
,Units:,mg/m³
,Average:,0.027
,Minimum:,0.011
,Time of Minimum:,12:37:01
,Date of Minimum:,02/06/2023
,Maximum:,0.051
,Time of Maximum:,12:37:20
,Date of Maximum:,02/06/2023

,TWA:,N/A

Calibration Sensor: ,Aerosol
,Cal factor:,1.00
,Cal date:,02/03/2023
,Cal name:,Factory

Date,Time,MC
MM/dd/yyyy,HH:mm:ss,mg/m³
02/06/2023,12:36:54,0.024
02/06/2023,12:36:55,0.024
02/06/2023,12:36:56,0.018
02/06/2023,12:36:57,0.021
02/06/2023,12:36:58,0.015
02/06/2023,12:36:59,0.021
02/06/2023,12:37:00,0.024
02/06/2023,12:37:01,0.011
02/06/2023,12:37:02,0.021
02/06/2023,12:37:03,0.018
02/06/2023,12:37:04,0.018
02/06/2023,12:37:05,0.032
02/06/2023,12:37:06,0.021
02/06/2023,12:37:07,0.025
02/06/2023,12:37:08,0.023
02/06/2023,12:37:09,0.037
02/06/2023,12:37:10,0.023
02/06/2023,12:37:11,0.029
02/06/2023,12:37:12,0.029
02/06/2023,12:37:13,0.032
02/06/2023,12:37:14,0.037
02/06/2023,12:37:15,0.042
02/06/2023,12:37:16,0.026
02/06/2023,12:37:17,0.036
02/06/2023,12:37:18,0.026
02/06/2023,12:37:19,0.041
02/06/2023,12:37:20,0.051
02/06/2023,12:37:21,0.027
02/06/2023,12:37:22,0.031
02/06/2023,12:37:23,0.030
02/06/2023,12:37:24,0.020
02/06/2023,12:37:25,0.031
02/06/2023,12:37:26,0.015
02/06/2023,12:37:27,0.021
02/06/2023,12:37:28,0.017
02/06/2023,12:37:29,0.029
02/06/2023,12:37:30,0.029
02/06/2023,12:37:31,0.019
02/06/2023,12:37:32,0.020
02/06/2023,12:37:33,0.016
02/06/2023,12:37:34,0.027
02/06/2023,12:37:35,0.024
02/06/2023,12:37:36,0.025
02/06/2023,12:37:37,0.035
02/06/2023,12:37:38,0.027
02/06/2023,12:37:39,0.037
02/06/2023,12:37:40,0.036
02/06/2023,12:37:41,0.032
02/06/2023,12:37:42,0.028
02/06/2023,12:37:43,0.034
02/06/2023,12:37:44,0.033
02/06/2023,12:37:45,0.030
02/06/2023,12:37:46,0.027
02/06/2023,12:37:47,0.030
02/06/2023,12:37:48,0.019
02/06/2023,12:37:49,0.025
02/06/2023,12:37:50,0.027
02/06/2023,12:37:51,0.035
02/06/2023,12:37:52,0.018
02/06/2023,12:37:53,0.021

Instrument Name:,SidePak Aerosol Monitor
Model Number:,AM520
Serial Number:,5201701009
Test Name:,Test 70
Start Date:,02/06/2023
Start Time:,01:36:53
Duration (dd:hh:mm:ss):,00:00:01:00
Log Interval (mm:ss):,00:01
Number of points:,60
Description:,

Statistics Channel: ,MC
,Units:,mg/m³
,Average:,0.023
,Minimum:,0.006
,Time of Minimum:,01:37:40
,Date of Minimum:,02/06/2023
,Maximum:,0.044
,Time of Maximum:,01:37:16
,Date of Maximum:,02/06/2023

,TWA:,N/A

Calibration Sensor: ,Aerosol
,Cal factor:,1.00
,Cal date:,02/03/2023
,Cal name:,Factory

Date,Time,MC
MM/dd/yyyy,HH:mm:ss,mg/m³
02/06/2023,13:36:54,0.015
02/06/2023,13:36:55,0.011
02/06/2023,13:36:56,0.006
02/06/2023,13:36:57,0.019
02/06/2023,13:36:58,0.023
02/06/2023,13:36:59,0.017
02/06/2023,13:37:00,0.012
02/06/2023,13:37:01,0.024
02/06/2023,13:37:02,0.032
02/06/2023,13:37:03,0.022
02/06/2023,13:37:04,0.023
02/06/2023,13:37:05,0.027
02/06/2023,13:37:06,0.016
02/06/2023,13:37:07,0.013
02/06/2023,13:37:08,0.020
02/06/2023,13:37:09,0.023
02/06/2023,13:37:10,0.024
02/06/2023,13:37:11,0.022
02/06/2023,13:37:12,0.018
02/06/2023,13:37:13,0.031
02/06/2023,13:37:14,0.035
02/06/2023,13:37:15,0.021
02/06/2023,13:37:16,0.044
02/06/2023,13:37:17,0.023
02/06/2023,13:37:18,0.030
02/06/2023,13:37:19,0.025
02/06/2023,13:37:20,0.028
02/06/2023,13:37:21,0.026
02/06/2023,13:37:22,0.025
02/06/2023,13:37:23,0.033
02/06/2023,13:37:24,0.029
02/06/2023,13:37:25,0.024
02/06/2023,13:37:26,0.031
02/06/2023,13:37:27,0.025
02/06/2023,13:37:28,0.023
02/06/2023,13:37:29,0.019
02/06/2023,13:37:30,0.021
02/06/2023,13:37:31,0.017
02/06/2023,13:37:32,0.016
02/06/2023,13:37:33,0.025
02/06/2023,13:37:34,0.015
02/06/2023,13:37:35,0.025
02/06/2023,13:37:36,0.027
02/06/2023,13:37:37,0.013
02/06/2023,13:37:38,0.010
02/06/2023,13:37:39,0.018
02/06/2023,13:37:40,0.006
02/06/2023,13:37:41,0.013
02/06/2023,13:37:42,0.019
02/06/2023,13:37:43,0.025
02/06/2023,13:37:44,0.020
02/06/2023,13:37:45,0.020
02/06/2023,13:37:46,0.029
02/06/2023,13:37:47,0.021
02/06/2023,13:37:48,0.031
02/06/2023,13:37:49,0.024
02/06/2023,13:37:50,0.024
02/06/2023,13:37:51,0.036
02/06/2023,13:37:52,0.043
02/06/2023,13:37:53,0.038

Instrument Name:,SidePak Aerosol Monitor
Model Number:,AM520
Serial Number:,5201701009
Test Name:,Test 71
Start Date:,02/06/2023
Start Time:,02:36:53
Duration (dd:hh:mm:ss):,00:00:01:00
Log Interval (mm:ss):,00:01
Number of points:,60
Description:,

Statistics Channel: ,MC
,Units:,mg/m³
,Average:,0.028
,Minimum:,0.010
,Time of Minimum:,02:37:30
,Date of Minimum:,02/06/2023
,Maximum:,0.107
,Time of Maximum:,02:37:28
,Date of Maximum:,02/06/2023

,TWA:,N/A

Calibration Sensor: ,Aerosol
,Cal factor:,1.00
,Cal date:,02/03/2023
,Cal name:,Factory

Date,Time,MC
MM/dd/yyyy,HH:mm:ss,mg/m³
02/06/2023,14:36:54,0.016
02/06/2023,14:36:55,0.023
02/06/2023,14:36:56,0.016
02/06/2023,14:36:57,0.013
02/06/2023,14:36:58,0.056
02/06/2023,14:36:59,0.023
02/06/2023,14:37:00,0.027
02/06/2023,14:37:01,0.027
02/06/2023,14:37:02,0.025
02/06/2023,14:37:03,0.024
02/06/2023,14:37:04,0.026
02/06/2023,14:37:05,0.022
02/06/2023,14:37:06,0.034
02/06/2023,14:37:07,0.027
02/06/2023,14:37:08,0.027
02/06/2023,14:37:09,0.032
02/06/2023,14:37:10,0.041
02/06/2023,14:37:11,0.028
02/06/2023,14:37:12,0.030
02/06/2023,14:37:13,0.027
02/06/2023,14:37:14,0.028
02/06/2023,14:37:15,0.030
02/06/2023,14:37:16,0.087
02/06/2023,14:37:17,0.033
02/06/2023,14:37:18,0.027
02/06/2023,14:37:19,0.024
02/06/2023,14:37:20,0.022
02/06/2023,14:37:21,0.021
02/06/2023,14:37:22,0.024
02/06/2023,14:37:23,0.017
02/06/2023,14:37:24,0.011
02/06/2023,14:37:25,0.015
02/06/2023,14:37:26,0.012
02/06/2023,14:37:27,0.024
02/06/2023,14:37:28,0.107
02/06/2023,14:37:29,0.018
02/06/2023,14:37:30,0.010
02/06/2023,14:37:31,0.018
02/06/2023,14:37:32,0.024
02/06/2023,14:37:33,0.015
02/06/2023,14:37:34,0.019
02/06/2023,14:37:35,0.015
02/06/2023,14:37:36,0.019
02/06/2023,14:37:37,0.028
02/06/2023,14:37:38,0.016
02/06/2023,14:37:39,0.027
02/06/2023,14:37:40,0.027
02/06/2023,14:37:41,0.027
02/06/2023,14:37:42,0.023
02/06/2023,14:37:43,0.027
02/06/2023,14:37:44,0.056
02/06/2023,14:37:45,0.031
02/06/2023,14:37:46,0.035
02/06/2023,14:37:47,0.036
02/06/2023,14:37:48,0.030
02/06/2023,14:37:49,0.038
02/06/2023,14:37:50,0.033
02/06/2023,14:37:51,0.025
02/06/2023,14:37:52,0.029
02/06/2023,14:37:53,0.027

Instrument Name:,SidePak Aerosol Monitor
Model Number:,AM520
Serial Number:,5201701009
Test Name:,Test 72
Start Date:,02/06/2023
Start Time:,03:36:53
Duration (dd:hh:mm:ss):,00:00:01:00
Log Interval (mm:ss):,00:01
Number of points:,60
Description:,

Statistics Channel: ,MC
,Units:,mg/m³
,Average:,0.023
,Minimum:,0.004
,Time of Minimum:,03:37:33
,Date of Minimum:,02/06/2023
,Maximum:,0.054
,Time of Maximum:,03:37:41
,Date of Maximum:,02/06/2023

,TWA:,N/A

Calibration Sensor: ,Aerosol
,Cal factor:,1.00
,Cal date:,02/03/2023
,Cal name:,Factory

Date,Time,MC
MM/dd/yyyy,HH:mm:ss,mg/m³
02/06/2023,15:36:54,0.036
02/06/2023,15:36:55,0.030
02/06/2023,15:36:56,0.027
02/06/2023,15:36:57,0.033
02/06/2023,15:36:58,0.032
02/06/2023,15:36:59,0.023
02/06/2023,15:37:00,0.024
02/06/2023,15:37:01,0.016
02/06/2023,15:37:02,0.013
02/06/2023,15:37:03,0.008
02/06/2023,15:37:04,0.011
02/06/2023,15:37:05,0.016
02/06/2023,15:37:06,0.010
02/06/2023,15:37:07,0.015
02/06/2023,15:37:08,0.014
02/06/2023,15:37:09,0.023
02/06/2023,15:37:10,0.016
02/06/2023,15:37:11,0.017
02/06/2023,15:37:12,0.022
02/06/2023,15:37:13,0.030
02/06/2023,15:37:14,0.031
02/06/2023,15:37:15,0.031
02/06/2023,15:37:16,0.031
02/06/2023,15:37:17,0.036
02/06/2023,15:37:18,0.040
02/06/2023,15:37:19,0.028
02/06/2023,15:37:20,0.029
02/06/2023,15:37:21,0.024
02/06/2023,15:37:22,0.023
02/06/2023,15:37:23,0.027
02/06/2023,15:37:24,0.021
02/06/2023,15:37:25,0.018
02/06/2023,15:37:26,0.012
02/06/2023,15:37:27,0.022
02/06/2023,15:37:28,0.010
02/06/2023,15:37:29,0.021
02/06/2023,15:37:30,0.010
02/06/2023,15:37:31,0.020
02/06/2023,15:37:32,0.006
02/06/2023,15:37:33,0.004
02/06/2023,15:37:34,0.020
02/06/2023,15:37:35,0.016
02/06/2023,15:37:36,0.025
02/06/2023,15:37:37,0.020
02/06/2023,15:37:38,0.024
02/06/2023,15:37:39,0.027
02/06/2023,15:37:40,0.028
02/06/2023,15:37:41,0.054
02/06/2023,15:37:42,0.028
02/06/2023,15:37:43,0.032
02/06/2023,15:37:44,0.030
02/06/2023,15:37:45,0.030
02/06/2023,15:37:46,0.027
02/06/2023,15:37:47,0.028
02/06/2023,15:37:48,0.025
02/06/2023,15:37:49,0.027
02/06/2023,15:37:50,0.020
02/06/2023,15:37:51,0.021
02/06/2023,15:37:52,0.027
02/06/2023,15:37:53,0.019

Instrument Name:,SidePak Aerosol Monitor
Model Number:,AM520
Serial Number:,5201701009
Test Name:,Test 73
Start Date:,02/06/2023
Start Time:,04:36:53
Duration (dd:hh:mm:ss):,00:00:01:00
Log Interval (mm:ss):,00:01
Number of points:,60
Description:,

Statistics Channel: ,MC
,Units:,mg/m³
,Average:,0.024
,Minimum:,0.009
,Time of Minimum:,04:37:37
,Date of Minimum:,02/06/2023
,Maximum:,0.063
,Time of Maximum:,04:37:22
,Date of Maximum:,02/06/2023

,TWA:,N/A

Calibration Sensor: ,Aerosol
,Cal factor:,1.00
,Cal date:,02/03/2023
,Cal name:,Factory

Date,Time,MC
MM/dd/yyyy,HH:mm:ss,mg/m³
02/06/2023,16:36:54,0.020
02/06/2023,16:36:55,0.018
02/06/2023,16:36:56,0.022
02/06/2023,16:36:57,0.018
02/06/2023,16:36:58,0.023
02/06/2023,16:36:59,0.030
02/06/2023,16:37:00,0.033
02/06/2023,16:37:01,0.029
02/06/2023,16:37:02,0.030
02/06/2023,16:37:03,0.043
02/06/2023,16:37:04,0.028
02/06/2023,16:37:05,0.034
02/06/2023,16:37:06,0.025
02/06/2023,16:37:07,0.030
02/06/2023,16:37:08,0.031
02/06/2023,16:37:09,0.012
02/06/2023,16:37:10,0.013
02/06/2023,16:37:11,0.017
02/06/2023,16:37:12,0.010
02/06/2023,16:37:13,0.020
02/06/2023,16:37:14,0.020
02/06/2023,16:37:15,0.028
02/06/2023,16:37:16,0.030
02/06/2023,16:37:17,0.025
02/06/2023,16:37:18,0.032
02/06/2023,16:37:19,0.033
02/06/2023,16:37:20,0.030
02/06/2023,16:37:21,0.030
02/06/2023,16:37:22,0.063
02/06/2023,16:37:23,0.038
02/06/2023,16:37:24,0.027
02/06/2023,16:37:25,0.022
02/06/2023,16:37:26,0.020
02/06/2023,16:37:27,0.021
02/06/2023,16:37:28,0.023
02/06/2023,16:37:29,0.034
02/06/2023,16:37:30,0.020
02/06/2023,16:37:31,0.013
02/06/2023,16:37:32,0.017
02/06/2023,16:37:33,0.015
02/06/2023,16:37:34,0.010
02/06/2023,16:37:35,0.025
02/06/2023,16:37:36,0.020
02/06/2023,16:37:37,0.009
02/06/2023,16:37:38,0.013
02/06/2023,16:37:39,0.015
02/06/2023,16:37:40,0.019
02/06/2023,16:37:41,0.020
02/06/2023,16:37:42,0.013
02/06/2023,16:37:43,0.016
02/06/2023,16:37:44,0.020
02/06/2023,16:37:45,0.018
02/06/2023,16:37:46,0.026
02/06/2023,16:37:47,0.035
02/06/2023,16:37:48,0.028
02/06/2023,16:37:49,0.040
02/06/2023,16:37:50,0.023
02/06/2023,16:37:51,0.031
02/06/2023,16:37:52,0.027
02/06/2023,16:37:53,0.029

Instrument Name:,SidePak Aerosol Monitor
Model Number:,AM520
Serial Number:,5201701009
Test Name:,Test 74
Start Date:,02/06/2023
Start Time:,05:36:53
Duration (dd:hh:mm:ss):,00:00:01:00
Log Interval (mm:ss):,00:01
Number of points:,60
Description:,

Statistics Channel: ,MC
,Units:,mg/m³
,Average:,0.024
,Minimum:,0.011
,Time of Minimum:,05:37:38
,Date of Minimum:,02/06/2023
,Maximum:,0.047
,Time of Maximum:,05:37:24
,Date of Maximum:,02/06/2023

,TWA:,N/A

Calibration Sensor: ,Aerosol
,Cal factor:,1.00
,Cal date:,02/03/2023
,Cal name:,Factory

Date,Time,MC
MM/dd/yyyy,HH:mm:ss,mg/m³
02/06/2023,17:36:54,0.017
02/06/2023,17:36:55,0.022
02/06/2023,17:36:56,0.019
02/06/2023,17:36:57,0.011
02/06/2023,17:36:58,0.020
02/06/2023,17:36:59,0.020
02/06/2023,17:37:00,0.029
02/06/2023,17:37:01,0.022
02/06/2023,17:37:02,0.024
02/06/2023,17:37:03,0.035
02/06/2023,17:37:04,0.036
02/06/2023,17:37:05,0.030
02/06/2023,17:37:06,0.030
02/06/2023,17:37:07,0.032
02/06/2023,17:37:08,0.023
02/06/2023,17:37:09,0.024
02/06/2023,17:37:10,0.020
02/06/2023,17:37:11,0.019
02/06/2023,17:37:12,0.032
02/06/2023,17:37:13,0.022
02/06/2023,17:37:14,0.011
02/06/2023,17:37:15,0.016
02/06/2023,17:37:16,0.014
02/06/2023,17:37:17,0.030
02/06/2023,17:37:18,0.013
02/06/2023,17:37:19,0.027
02/06/2023,17:37:20,0.022
02/06/2023,17:37:21,0.038
02/06/2023,17:37:22,0.034
02/06/2023,17:37:23,0.028
02/06/2023,17:37:24,0.047
02/06/2023,17:37:25,0.035
02/06/2023,17:37:26,0.038
02/06/2023,17:37:27,0.037
02/06/2023,17:37:28,0.037
02/06/2023,17:37:29,0.031
02/06/2023,17:37:30,0.033
02/06/2023,17:37:31,0.017
02/06/2023,17:37:32,0.018
02/06/2023,17:37:33,0.027
02/06/2023,17:37:34,0.026
02/06/2023,17:37:35,0.015
02/06/2023,17:37:36,0.027
02/06/2023,17:37:37,0.013
02/06/2023,17:37:38,0.011
02/06/2023,17:37:39,0.029
02/06/2023,17:37:40,0.019
02/06/2023,17:37:41,0.034
02/06/2023,17:37:42,0.017
02/06/2023,17:37:43,0.013
02/06/2023,17:37:44,0.014
02/06/2023,17:37:45,0.018
02/06/2023,17:37:46,0.020
02/06/2023,17:37:47,0.017
02/06/2023,17:37:48,0.021
02/06/2023,17:37:49,0.024
02/06/2023,17:37:50,0.023
02/06/2023,17:37:51,0.022
02/06/2023,17:37:52,0.026
02/06/2023,17:37:53,0.024

Instrument Name:,SidePak Aerosol Monitor
Model Number:,AM520
Serial Number:,5201701009
Test Name:,Test 75
Start Date:,02/06/2023
Start Time:,06:36:53
Duration (dd:hh:mm:ss):,00:00:01:00
Log Interval (mm:ss):,00:01
Number of points:,60
Description:,

Statistics Channel: ,MC
,Units:,mg/m³
,Average:,0.032
,Minimum:,0.017
,Time of Minimum:,06:37:02
,Date of Minimum:,02/06/2023
,Maximum:,0.074
,Time of Maximum:,06:37:08
,Date of Maximum:,02/06/2023

,TWA:,N/A

Calibration Sensor: ,Aerosol
,Cal factor:,1.00
,Cal date:,02/03/2023
,Cal name:,Factory

Date,Time,MC
MM/dd/yyyy,HH:mm:ss,mg/m³
02/06/2023,18:36:54,0.028
02/06/2023,18:36:55,0.036
02/06/2023,18:36:56,0.019
02/06/2023,18:36:57,0.034
02/06/2023,18:36:58,0.020
02/06/2023,18:36:59,0.031
02/06/2023,18:37:00,0.027
02/06/2023,18:37:01,0.027
02/06/2023,18:37:02,0.017
02/06/2023,18:37:03,0.023
02/06/2023,18:37:04,0.028
02/06/2023,18:37:05,0.020
02/06/2023,18:37:06,0.042
02/06/2023,18:37:07,0.028
02/06/2023,18:37:08,0.074
02/06/2023,18:37:09,0.029
02/06/2023,18:37:10,0.024
02/06/2023,18:37:11,0.031
02/06/2023,18:37:12,0.018
02/06/2023,18:37:13,0.069
02/06/2023,18:37:14,0.034
02/06/2023,18:37:15,0.026
02/06/2023,18:37:16,0.024
02/06/2023,18:37:17,0.027
02/06/2023,18:37:18,0.022
02/06/2023,18:37:19,0.026
02/06/2023,18:37:20,0.037
02/06/2023,18:37:21,0.026
02/06/2023,18:37:22,0.031
02/06/2023,18:37:23,0.026
02/06/2023,18:37:24,0.046
02/06/2023,18:37:25,0.026
02/06/2023,18:37:26,0.037
02/06/2023,18:37:27,0.030
02/06/2023,18:37:28,0.024
02/06/2023,18:37:29,0.027
02/06/2023,18:37:30,0.030
02/06/2023,18:37:31,0.023
02/06/2023,18:37:32,0.021
02/06/2023,18:37:33,0.026
02/06/2023,18:37:34,0.032
02/06/2023,18:37:35,0.029
02/06/2023,18:37:36,0.027
02/06/2023,18:37:37,0.026
02/06/2023,18:37:38,0.028
02/06/2023,18:37:39,0.030
02/06/2023,18:37:40,0.031
02/06/2023,18:37:41,0.032
02/06/2023,18:37:42,0.031
02/06/2023,18:37:43,0.027
02/06/2023,18:37:44,0.037
02/06/2023,18:37:45,0.041
02/06/2023,18:37:46,0.037
02/06/2023,18:37:47,0.062
02/06/2023,18:37:48,0.054
02/06/2023,18:37:49,0.059
02/06/2023,18:37:50,0.052
02/06/2023,18:37:51,0.038
02/06/2023,18:37:52,0.035
02/06/2023,18:37:53,0.034

Instrument Name:,SidePak Aerosol Monitor
Model Number:,AM520
Serial Number:,5201701009
Test Name:,Test 76
Start Date:,02/06/2023
Start Time:,07:36:53
Duration (dd:hh:mm:ss):,00:00:01:00
Log Interval (mm:ss):,00:01
Number of points:,60
Description:,

Statistics Channel: ,MC
,Units:,mg/m³
,Average:,0.043
,Minimum:,0.032
,Time of Minimum:,07:37:51
,Date of Minimum:,02/06/2023
,Maximum:,0.063
,Time of Maximum:,07:37:01
,Date of Maximum:,02/06/2023

,TWA:,N/A

Calibration Sensor: ,Aerosol
,Cal factor:,1.00
,Cal date:,02/03/2023
,Cal name:,Factory

Date,Time,MC
MM/dd/yyyy,HH:mm:ss,mg/m³
02/06/2023,19:36:54,0.033
02/06/2023,19:36:55,0.038
02/06/2023,19:36:56,0.039
02/06/2023,19:36:57,0.043
02/06/2023,19:36:58,0.035
02/06/2023,19:36:59,0.036
02/06/2023,19:37:00,0.039
02/06/2023,19:37:01,0.063
02/06/2023,19:37:02,0.040
02/06/2023,19:37:03,0.036
02/06/2023,19:37:04,0.041
02/06/2023,19:37:05,0.044
02/06/2023,19:37:06,0.045
02/06/2023,19:37:07,0.046
02/06/2023,19:37:08,0.045
02/06/2023,19:37:09,0.043
02/06/2023,19:37:10,0.037
02/06/2023,19:37:11,0.037
02/06/2023,19:37:12,0.034
02/06/2023,19:37:13,0.038
02/06/2023,19:37:14,0.043
02/06/2023,19:37:15,0.042
02/06/2023,19:37:16,0.033
02/06/2023,19:37:17,0.044
02/06/2023,19:37:18,0.055
02/06/2023,19:37:19,0.038
02/06/2023,19:37:20,0.040
02/06/2023,19:37:21,0.037
02/06/2023,19:37:22,0.053
02/06/2023,19:37:23,0.038
02/06/2023,19:37:24,0.038
02/06/2023,19:37:25,0.049
02/06/2023,19:37:26,0.043
02/06/2023,19:37:27,0.040
02/06/2023,19:37:28,0.035
02/06/2023,19:37:29,0.038
02/06/2023,19:37:30,0.044
02/06/2023,19:37:31,0.036
02/06/2023,19:37:32,0.043
02/06/2023,19:37:33,0.042
02/06/2023,19:37:34,0.050
02/06/2023,19:37:35,0.037
02/06/2023,19:37:36,0.051
02/06/2023,19:37:37,0.054
02/06/2023,19:37:38,0.050
02/06/2023,19:37:39,0.039
02/06/2023,19:37:40,0.042
02/06/2023,19:37:41,0.053
02/06/2023,19:37:42,0.046
02/06/2023,19:37:43,0.048
02/06/2023,19:37:44,0.051
02/06/2023,19:37:45,0.041
02/06/2023,19:37:46,0.045
02/06/2023,19:37:47,0.052
02/06/2023,19:37:48,0.058
02/06/2023,19:37:49,0.055
02/06/2023,19:37:50,0.038
02/06/2023,19:37:51,0.032
02/06/2023,19:37:52,0.037
02/06/2023,19:37:53,0.060

Instrument Name:,SidePak Aerosol Monitor
Model Number:,AM520
Serial Number:,5201701009
Test Name:,Test 77
Start Date:,02/06/2023
Start Time:,08:36:53
Duration (dd:hh:mm:ss):,00:00:01:00
Log Interval (mm:ss):,00:01
Number of points:,60
Description:,

Statistics Channel: ,MC
,Units:,mg/m³
,Average:,0.045
,Minimum:,0.023
,Time of Minimum:,08:37:13
,Date of Minimum:,02/06/2023
,Maximum:,0.100
,Time of Maximum:,08:37:38
,Date of Maximum:,02/06/2023

,TWA:,N/A

Calibration Sensor: ,Aerosol
,Cal factor:,1.00
,Cal date:,02/03/2023
,Cal name:,Factory

Date,Time,MC
MM/dd/yyyy,HH:mm:ss,mg/m³
02/06/2023,20:36:54,0.047
02/06/2023,20:36:55,0.051
02/06/2023,20:36:56,0.051
02/06/2023,20:36:57,0.051
02/06/2023,20:36:58,0.045
02/06/2023,20:36:59,0.050
02/06/2023,20:37:00,0.054
02/06/2023,20:37:01,0.041
02/06/2023,20:37:02,0.035
02/06/2023,20:37:03,0.042
02/06/2023,20:37:04,0.046
02/06/2023,20:37:05,0.043
02/06/2023,20:37:06,0.041
02/06/2023,20:37:07,0.044
02/06/2023,20:37:08,0.027
02/06/2023,20:37:09,0.041
02/06/2023,20:37:10,0.030
02/06/2023,20:37:11,0.033
02/06/2023,20:37:12,0.060
02/06/2023,20:37:13,0.023
02/06/2023,20:37:14,0.031
02/06/2023,20:37:15,0.026
02/06/2023,20:37:16,0.037
02/06/2023,20:37:17,0.034
02/06/2023,20:37:18,0.032
02/06/2023,20:37:19,0.037
02/06/2023,20:37:20,0.041
02/06/2023,20:37:21,0.041
02/06/2023,20:37:22,0.035
02/06/2023,20:37:23,0.032
02/06/2023,20:37:24,0.031
02/06/2023,20:37:25,0.042
02/06/2023,20:37:26,0.032
02/06/2023,20:37:27,0.048
02/06/2023,20:37:28,0.062
02/06/2023,20:37:29,0.047
02/06/2023,20:37:30,0.051
02/06/2023,20:37:31,0.050
02/06/2023,20:37:32,0.042
02/06/2023,20:37:33,0.068
02/06/2023,20:37:34,0.049
02/06/2023,20:37:35,0.052
02/06/2023,20:37:36,0.058
02/06/2023,20:37:37,0.052
02/06/2023,20:37:38,0.100
02/06/2023,20:37:39,0.050
02/06/2023,20:37:40,0.045
02/06/2023,20:37:41,0.036
02/06/2023,20:37:42,0.037
02/06/2023,20:37:43,0.045
02/06/2023,20:37:44,0.051
02/06/2023,20:37:45,0.030
02/06/2023,20:37:46,0.030
02/06/2023,20:37:47,0.048
02/06/2023,20:37:48,0.040
02/06/2023,20:37:49,0.044
02/06/2023,20:37:50,0.053
02/06/2023,20:37:51,0.083
02/06/2023,20:37:52,0.043
02/06/2023,20:37:53,0.053

Instrument Name:,SidePak Aerosol Monitor
Model Number:,AM520
Serial Number:,5201701009
Test Name:,Test 78
Start Date:,02/06/2023
Start Time:,09:36:53
Duration (dd:hh:mm:ss):,00:00:01:00
Log Interval (mm:ss):,00:01
Number of points:,60
Description:,

Statistics Channel: ,MC
,Units:,mg/m³
,Average:,0.056
,Minimum:,0.027
,Time of Minimum:,09:37:34
,Date of Minimum:,02/06/2023
,Maximum:,0.083
,Time of Maximum:,09:37:09
,Date of Maximum:,02/06/2023

,TWA:,N/A

Calibration Sensor: ,Aerosol
,Cal factor:,1.00
,Cal date:,02/03/2023
,Cal name:,Factory

Date,Time,MC
MM/dd/yyyy,HH:mm:ss,mg/m³
02/06/2023,21:36:54,0.060
02/06/2023,21:36:55,0.066
02/06/2023,21:36:56,0.063
02/06/2023,21:36:57,0.056
02/06/2023,21:36:58,0.064
02/06/2023,21:36:59,0.063
02/06/2023,21:37:00,0.059
02/06/2023,21:37:01,0.079
02/06/2023,21:37:02,0.053
02/06/2023,21:37:03,0.069
02/06/2023,21:37:04,0.075
02/06/2023,21:37:05,0.057
02/06/2023,21:37:06,0.064
02/06/2023,21:37:07,0.050
02/06/2023,21:37:08,0.053
02/06/2023,21:37:09,0.083
02/06/2023,21:37:10,0.060
02/06/2023,21:37:11,0.056
02/06/2023,21:37:12,0.057
02/06/2023,21:37:13,0.062
02/06/2023,21:37:14,0.056
02/06/2023,21:37:15,0.070
02/06/2023,21:37:16,0.058
02/06/2023,21:37:17,0.068
02/06/2023,21:37:18,0.062
02/06/2023,21:37:19,0.059
02/06/2023,21:37:20,0.058
02/06/2023,21:37:21,0.059
02/06/2023,21:37:22,0.059
02/06/2023,21:37:23,0.063
02/06/2023,21:37:24,0.053
02/06/2023,21:37:25,0.074
02/06/2023,21:37:26,0.078
02/06/2023,21:37:27,0.043
02/06/2023,21:37:28,0.048
02/06/2023,21:37:29,0.053
02/06/2023,21:37:30,0.079
02/06/2023,21:37:31,0.061
02/06/2023,21:37:32,0.032
02/06/2023,21:37:33,0.037
02/06/2023,21:37:34,0.027
02/06/2023,21:37:35,0.040
02/06/2023,21:37:36,0.037
02/06/2023,21:37:37,0.039
02/06/2023,21:37:38,0.034
02/06/2023,21:37:39,0.041
02/06/2023,21:37:40,0.042
02/06/2023,21:37:41,0.042
02/06/2023,21:37:42,0.051
02/06/2023,21:37:43,0.045
02/06/2023,21:37:44,0.045
02/06/2023,21:37:45,0.049
02/06/2023,21:37:46,0.047
02/06/2023,21:37:47,0.049
02/06/2023,21:37:48,0.054
02/06/2023,21:37:49,0.055
02/06/2023,21:37:50,0.055
02/06/2023,21:37:51,0.051
02/06/2023,21:37:52,0.058
02/06/2023,21:37:53,0.062

Instrument Name:,SidePak Aerosol Monitor
Model Number:,AM520
Serial Number:,5201701009
Test Name:,Test 79
Start Date:,02/06/2023
Start Time:,10:36:54
Duration (dd:hh:mm:ss):,00:00:01:00
Log Interval (mm:ss):,00:01
Number of points:,60
Description:,

Statistics Channel: ,MC
,Units:,mg/m³
,Average:,0.041
,Minimum:,0.018
,Time of Minimum:,10:37:40
,Date of Minimum:,02/06/2023
,Maximum:,0.078
,Time of Maximum:,10:36:55
,Date of Maximum:,02/06/2023

,TWA:,N/A

Calibration Sensor: ,Aerosol
,Cal factor:,1.00
,Cal date:,02/03/2023
,Cal name:,Factory

Date,Time,MC
MM/dd/yyyy,HH:mm:ss,mg/m³
02/06/2023,22:36:55,0.078
02/06/2023,22:36:56,0.040
02/06/2023,22:36:57,0.039
02/06/2023,22:36:58,0.045
02/06/2023,22:36:59,0.045
02/06/2023,22:37:00,0.047
02/06/2023,22:37:01,0.047
02/06/2023,22:37:02,0.052
02/06/2023,22:37:03,0.041
02/06/2023,22:37:04,0.047
02/06/2023,22:37:05,0.044
02/06/2023,22:37:06,0.036
02/06/2023,22:37:07,0.043
02/06/2023,22:37:08,0.072
02/06/2023,22:37:09,0.051
02/06/2023,22:37:10,0.036
02/06/2023,22:37:11,0.043
02/06/2023,22:37:12,0.048
02/06/2023,22:37:13,0.039
02/06/2023,22:37:14,0.053
02/06/2023,22:37:15,0.051
02/06/2023,22:37:16,0.040
02/06/2023,22:37:17,0.043
02/06/2023,22:37:18,0.044
02/06/2023,22:37:19,0.054
02/06/2023,22:37:20,0.050
02/06/2023,22:37:21,0.062
02/06/2023,22:37:22,0.050
02/06/2023,22:37:23,0.051
02/06/2023,22:37:24,0.046
02/06/2023,22:37:25,0.033
02/06/2023,22:37:26,0.040
02/06/2023,22:37:27,0.042
02/06/2023,22:37:28,0.030
02/06/2023,22:37:29,0.043
02/06/2023,22:37:30,0.036
02/06/2023,22:37:31,0.034
02/06/2023,22:37:32,0.033
02/06/2023,22:37:33,0.030
02/06/2023,22:37:34,0.031
02/06/2023,22:37:35,0.027
02/06/2023,22:37:36,0.044
02/06/2023,22:37:37,0.022
02/06/2023,22:37:38,0.023
02/06/2023,22:37:39,0.028
02/06/2023,22:37:40,0.018
02/06/2023,22:37:41,0.026
02/06/2023,22:37:42,0.033
02/06/2023,22:37:43,0.034
02/06/2023,22:37:44,0.035
02/06/2023,22:37:45,0.027
02/06/2023,22:37:46,0.029
02/06/2023,22:37:47,0.033
02/06/2023,22:37:48,0.030
02/06/2023,22:37:49,0.037
02/06/2023,22:37:50,0.031
02/06/2023,22:37:51,0.047
02/06/2023,22:37:52,0.044
02/06/2023,22:37:53,0.042
02/06/2023,22:37:54,0.051

Instrument Name:,SidePak Aerosol Monitor
Model Number:,AM520
Serial Number:,5201701009
Test Name:,Test 80
Start Date:,02/06/2023
Start Time:,11:36:54
Duration (dd:hh:mm:ss):,00:00:01:00
Log Interval (mm:ss):,00:01
Number of points:,60
Description:,

Statistics Channel: ,MC
,Units:,mg/m³
,Average:,0.033
,Minimum:,0.018
,Time of Minimum:,11:37:21
,Date of Minimum:,02/06/2023
,Maximum:,0.054
,Time of Maximum:,11:37:02
,Date of Maximum:,02/06/2023

,TWA:,N/A

Calibration Sensor: ,Aerosol
,Cal factor:,1.00
,Cal date:,02/03/2023
,Cal name:,Factory

Date,Time,MC
MM/dd/yyyy,HH:mm:ss,mg/m³
02/06/2023,23:36:55,0.036
02/06/2023,23:36:56,0.037
02/06/2023,23:36:57,0.037
02/06/2023,23:36:58,0.037
02/06/2023,23:36:59,0.045
02/06/2023,23:37:00,0.035
02/06/2023,23:37:01,0.037
02/06/2023,23:37:02,0.054
02/06/2023,23:37:03,0.045
02/06/2023,23:37:04,0.043
02/06/2023,23:37:05,0.042
02/06/2023,23:37:06,0.039
02/06/2023,23:37:07,0.040
02/06/2023,23:37:08,0.052
02/06/2023,23:37:09,0.029
02/06/2023,23:37:10,0.032
02/06/2023,23:37:11,0.040
02/06/2023,23:37:12,0.024
02/06/2023,23:37:13,0.035
02/06/2023,23:37:14,0.026
02/06/2023,23:37:15,0.019
02/06/2023,23:37:16,0.020
02/06/2023,23:37:17,0.026
02/06/2023,23:37:18,0.023
02/06/2023,23:37:19,0.020
02/06/2023,23:37:20,0.024
02/06/2023,23:37:21,0.018
02/06/2023,23:37:22,0.021
02/06/2023,23:37:23,0.024
02/06/2023,23:37:24,0.023
02/06/2023,23:37:25,0.025
02/06/2023,23:37:26,0.031
02/06/2023,23:37:27,0.038
02/06/2023,23:37:28,0.036
02/06/2023,23:37:29,0.039
02/06/2023,23:37:30,0.052
02/06/2023,23:37:31,0.037
02/06/2023,23:37:32,0.046
02/06/2023,23:37:33,0.050
02/06/2023,23:37:34,0.030
02/06/2023,23:37:35,0.025
02/06/2023,23:37:36,0.026
02/06/2023,23:37:37,0.035
02/06/2023,23:37:38,0.023
02/06/2023,23:37:39,0.028
02/06/2023,23:37:40,0.022
02/06/2023,23:37:41,0.023
02/06/2023,23:37:42,0.019
02/06/2023,23:37:43,0.020
02/06/2023,23:37:44,0.029
02/06/2023,23:37:45,0.033
02/06/2023,23:37:46,0.031
02/06/2023,23:37:47,0.038
02/06/2023,23:37:48,0.030
02/06/2023,23:37:49,0.050
02/06/2023,23:37:50,0.042
02/06/2023,23:37:51,0.031
02/06/2023,23:37:52,0.041
02/06/2023,23:37:53,0.051
02/06/2023,23:37:54,0.023

Instrument Name:,SidePak Aerosol Monitor
Model Number:,AM520
Serial Number:,5201701009
Test Name:,Test 81
Start Date:,02/07/2023
Start Time:,12:36:54
Duration (dd:hh:mm:ss):,00:00:01:00
Log Interval (mm:ss):,00:01
Number of points:,60
Description:,

Statistics Channel: ,MC
,Units:,mg/m³
,Average:,0.028
,Minimum:,0.009
,Time of Minimum:,12:36:57
,Date of Minimum:,02/07/2023
,Maximum:,0.055
,Time of Maximum:,12:37:42
,Date of Maximum:,02/07/2023

,TWA:,N/A

Calibration Sensor: ,Aerosol
,Cal factor:,1.00
,Cal date:,02/03/2023
,Cal name:,Factory

Date,Time,MC
MM/dd/yyyy,HH:mm:ss,mg/m³
02/07/2023,00:36:55,0.028
02/07/2023,00:36:56,0.030
02/07/2023,00:36:57,0.009
02/07/2023,00:36:58,0.011
02/07/2023,00:36:59,0.027
02/07/2023,00:37:00,0.011
02/07/2023,00:37:01,0.018
02/07/2023,00:37:02,0.014
02/07/2023,00:37:03,0.012
02/07/2023,00:37:04,0.028
02/07/2023,00:37:05,0.014
02/07/2023,00:37:06,0.023
02/07/2023,00:37:07,0.021
02/07/2023,00:37:08,0.027
02/07/2023,00:37:09,0.026
02/07/2023,00:37:10,0.035
02/07/2023,00:37:11,0.031
02/07/2023,00:37:12,0.033
02/07/2023,00:37:13,0.037
02/07/2023,00:37:14,0.038
02/07/2023,00:37:15,0.036
02/07/2023,00:37:16,0.028
02/07/2023,00:37:17,0.036
02/07/2023,00:37:18,0.037
02/07/2023,00:37:19,0.029
02/07/2023,00:37:20,0.044
02/07/2023,00:37:21,0.034
02/07/2023,00:37:22,0.036
02/07/2023,00:37:23,0.028
02/07/2023,00:37:24,0.024
02/07/2023,00:37:25,0.031
02/07/2023,00:37:26,0.023
02/07/2023,00:37:27,0.022
02/07/2023,00:37:28,0.022
02/07/2023,00:37:29,0.018
02/07/2023,00:37:30,0.019
02/07/2023,00:37:31,0.026
02/07/2023,00:37:32,0.024
02/07/2023,00:37:33,0.019
02/07/2023,00:37:34,0.016
02/07/2023,00:37:35,0.040
02/07/2023,00:37:36,0.025
02/07/2023,00:37:37,0.048
02/07/2023,00:37:38,0.023
02/07/2023,00:37:39,0.027
02/07/2023,00:37:40,0.027
02/07/2023,00:37:41,0.041
02/07/2023,00:37:42,0.055
02/07/2023,00:37:43,0.019
02/07/2023,00:37:44,0.034
02/07/2023,00:37:45,0.019
02/07/2023,00:37:46,0.024
02/07/2023,00:37:47,0.052
02/07/2023,00:37:48,0.031
02/07/2023,00:37:49,0.027
02/07/2023,00:37:50,0.043
02/07/2023,00:37:51,0.028
02/07/2023,00:37:52,0.023
02/07/2023,00:37:53,0.030
02/07/2023,00:37:54,0.029

Instrument Name:,SidePak Aerosol Monitor
Model Number:,AM520
Serial Number:,5201701009
Test Name:,Test 82
Start Date:,02/07/2023
Start Time:,01:36:54
Duration (dd:hh:mm:ss):,00:00:01:00
Log Interval (mm:ss):,00:01
Number of points:,60
Description:,

Statistics Channel: ,MC
,Units:,mg/m³
,Average:,0.029
,Minimum:,0.011
,Time of Minimum:,01:37:09
,Date of Minimum:,02/07/2023
,Maximum:,0.054
,Time of Maximum:,01:37:46
,Date of Maximum:,02/07/2023

,TWA:,N/A

Calibration Sensor: ,Aerosol
,Cal factor:,1.00
,Cal date:,02/03/2023
,Cal name:,Factory

Date,Time,MC
MM/dd/yyyy,HH:mm:ss,mg/m³
02/07/2023,01:36:55,0.023
02/07/2023,01:36:56,0.012
02/07/2023,01:36:57,0.018
02/07/2023,01:36:58,0.014
02/07/2023,01:36:59,0.014
02/07/2023,01:37:00,0.020
02/07/2023,01:37:01,0.039
02/07/2023,01:37:02,0.034
02/07/2023,01:37:03,0.016
02/07/2023,01:37:04,0.022
02/07/2023,01:37:05,0.026
02/07/2023,01:37:06,0.026
02/07/2023,01:37:07,0.016
02/07/2023,01:37:08,0.021
02/07/2023,01:37:09,0.011
02/07/2023,01:37:10,0.017
02/07/2023,01:37:11,0.027
02/07/2023,01:37:12,0.021
02/07/2023,01:37:13,0.032
02/07/2023,01:37:14,0.014
02/07/2023,01:37:15,0.022
02/07/2023,01:37:16,0.023
02/07/2023,01:37:17,0.021
02/07/2023,01:37:18,0.016
02/07/2023,01:37:19,0.015
02/07/2023,01:37:20,0.016
02/07/2023,01:37:21,0.018
02/07/2023,01:37:22,0.018
02/07/2023,01:37:23,0.032
02/07/2023,01:37:24,0.034
02/07/2023,01:37:25,0.030
02/07/2023,01:37:26,0.018
02/07/2023,01:37:27,0.027
02/07/2023,01:37:28,0.031
02/07/2023,01:37:29,0.020
02/07/2023,01:37:30,0.029
02/07/2023,01:37:31,0.038
02/07/2023,01:37:32,0.047
02/07/2023,01:37:33,0.040
02/07/2023,01:37:34,0.047
02/07/2023,01:37:35,0.036
02/07/2023,01:37:36,0.030
02/07/2023,01:37:37,0.032
02/07/2023,01:37:38,0.053
02/07/2023,01:37:39,0.031
02/07/2023,01:37:40,0.039
02/07/2023,01:37:41,0.033
02/07/2023,01:37:42,0.053
02/07/2023,01:37:43,0.038
02/07/2023,01:37:44,0.042
02/07/2023,01:37:45,0.044
02/07/2023,01:37:46,0.054
02/07/2023,01:37:47,0.047
02/07/2023,01:37:48,0.029
02/07/2023,01:37:49,0.029
02/07/2023,01:37:50,0.036
02/07/2023,01:37:51,0.031
02/07/2023,01:37:52,0.033
02/07/2023,01:37:53,0.028
02/07/2023,01:37:54,0.036

Instrument Name:,SidePak Aerosol Monitor
Model Number:,AM520
Serial Number:,5201701009
Test Name:,Test 83
Start Date:,02/07/2023
Start Time:,02:36:54
Duration (dd:hh:mm:ss):,00:00:01:00
Log Interval (mm:ss):,00:01
Number of points:,60
Description:,

Statistics Channel: ,MC
,Units:,mg/m³
,Average:,0.021
,Minimum:,0.009
,Time of Minimum:,02:37:51
,Date of Minimum:,02/07/2023
,Maximum:,0.044
,Time of Maximum:,02:37:21
,Date of Maximum:,02/07/2023

,TWA:,N/A

Calibration Sensor: ,Aerosol
,Cal factor:,1.00
,Cal date:,02/03/2023
,Cal name:,Factory

Date,Time,MC
MM/dd/yyyy,HH:mm:ss,mg/m³
02/07/2023,02:36:55,0.015
02/07/2023,02:36:56,0.013
02/07/2023,02:36:57,0.014
02/07/2023,02:36:58,0.013
02/07/2023,02:36:59,0.014
02/07/2023,02:37:00,0.016
02/07/2023,02:37:01,0.014
02/07/2023,02:37:02,0.019
02/07/2023,02:37:03,0.011
02/07/2023,02:37:04,0.009
02/07/2023,02:37:05,0.017
02/07/2023,02:37:06,0.019
02/07/2023,02:37:07,0.010
02/07/2023,02:37:08,0.018
02/07/2023,02:37:09,0.015
02/07/2023,02:37:10,0.011
02/07/2023,02:37:11,0.022
02/07/2023,02:37:12,0.018
02/07/2023,02:37:13,0.017
02/07/2023,02:37:14,0.014
02/07/2023,02:37:15,0.014
02/07/2023,02:37:16,0.017
02/07/2023,02:37:17,0.032
02/07/2023,02:37:18,0.019
02/07/2023,02:37:19,0.011
02/07/2023,02:37:20,0.015
02/07/2023,02:37:21,0.044
02/07/2023,02:37:22,0.022
02/07/2023,02:37:23,0.021
02/07/2023,02:37:24,0.016
02/07/2023,02:37:25,0.021
02/07/2023,02:37:26,0.028
02/07/2023,02:37:27,0.028
02/07/2023,02:37:28,0.041
02/07/2023,02:37:29,0.039
02/07/2023,02:37:30,0.023
02/07/2023,02:37:31,0.028
02/07/2023,02:37:32,0.018
02/07/2023,02:37:33,0.023
02/07/2023,02:37:34,0.023
02/07/2023,02:37:35,0.024
02/07/2023,02:37:36,0.029
02/07/2023,02:37:37,0.032
02/07/2023,02:37:38,0.026
02/07/2023,02:37:39,0.021
02/07/2023,02:37:40,0.018
02/07/2023,02:37:41,0.036
02/07/2023,02:37:42,0.024
02/07/2023,02:37:43,0.017
02/07/2023,02:37:44,0.036
02/07/2023,02:37:45,0.022
02/07/2023,02:37:46,0.021
02/07/2023,02:37:47,0.026
02/07/2023,02:37:48,0.017
02/07/2023,02:37:49,0.024
02/07/2023,02:37:50,0.015
02/07/2023,02:37:51,0.009
02/07/2023,02:37:52,0.012
02/07/2023,02:37:53,0.015
02/07/2023,02:37:54,0.040

Instrument Name:,SidePak Aerosol Monitor
Model Number:,AM520
Serial Number:,5201701009
Test Name:,Test 84
Start Date:,02/07/2023
Start Time:,03:36:54
Duration (dd:hh:mm:ss):,00:00:01:00
Log Interval (mm:ss):,00:01
Number of points:,60
Description:,

Statistics Channel: ,MC
,Units:,mg/m³
,Average:,0.023
,Minimum:,0.005
,Time of Minimum:,03:37:35
,Date of Minimum:,02/07/2023
,Maximum:,0.044
,Time of Maximum:,03:37:53
,Date of Maximum:,02/07/2023

,TWA:,N/A

Calibration Sensor: ,Aerosol
,Cal factor:,1.00
,Cal date:,02/03/2023
,Cal name:,Factory

Date,Time,MC
MM/dd/yyyy,HH:mm:ss,mg/m³
02/07/2023,03:36:55,0.036
02/07/2023,03:36:56,0.025
02/07/2023,03:36:57,0.033
02/07/2023,03:36:58,0.023
02/07/2023,03:36:59,0.036
02/07/2023,03:37:00,0.037
02/07/2023,03:37:01,0.029
02/07/2023,03:37:02,0.023
02/07/2023,03:37:03,0.030
02/07/2023,03:37:04,0.031
02/07/2023,03:37:05,0.030
02/07/2023,03:37:06,0.034
02/07/2023,03:37:07,0.026
02/07/2023,03:37:08,0.033
02/07/2023,03:37:09,0.042
02/07/2023,03:37:10,0.042
02/07/2023,03:37:11,0.024
02/07/2023,03:37:12,0.023
02/07/2023,03:37:13,0.027
02/07/2023,03:37:14,0.018
02/07/2023,03:37:15,0.016
02/07/2023,03:37:16,0.024
02/07/2023,03:37:17,0.020
02/07/2023,03:37:18,0.009
02/07/2023,03:37:19,0.022
02/07/2023,03:37:20,0.022
02/07/2023,03:37:21,0.016
02/07/2023,03:37:22,0.017
02/07/2023,03:37:23,0.019
02/07/2023,03:37:24,0.013
02/07/2023,03:37:25,0.015
02/07/2023,03:37:26,0.017
02/07/2023,03:37:27,0.014
02/07/2023,03:37:28,0.017
02/07/2023,03:37:29,0.027
02/07/2023,03:37:30,0.015
02/07/2023,03:37:31,0.011
02/07/2023,03:37:32,0.013
02/07/2023,03:37:33,0.017
02/07/2023,03:37:34,0.014
02/07/2023,03:37:35,0.005
02/07/2023,03:37:36,0.011
02/07/2023,03:37:37,0.012
02/07/2023,03:37:38,0.012
02/07/2023,03:37:39,0.012
02/07/2023,03:37:40,0.013
02/07/2023,03:37:41,0.015
02/07/2023,03:37:42,0.019
02/07/2023,03:37:43,0.023
02/07/2023,03:37:44,0.036
02/07/2023,03:37:45,0.036
02/07/2023,03:37:46,0.037
02/07/2023,03:37:47,0.023
02/07/2023,03:37:48,0.036
02/07/2023,03:37:49,0.028
02/07/2023,03:37:50,0.021
02/07/2023,03:37:51,0.026
02/07/2023,03:37:52,0.026
02/07/2023,03:37:53,0.044
02/07/2023,03:37:54,0.024

Instrument Name:,SidePak Aerosol Monitor
Model Number:,AM520
Serial Number:,5201701009
Test Name:,Test 85
Start Date:,02/07/2023
Start Time:,04:36:54
Duration (dd:hh:mm:ss):,00:00:01:00
Log Interval (mm:ss):,00:01
Number of points:,60
Description:,

Statistics Channel: ,MC
,Units:,mg/m³
,Average:,0.023
,Minimum:,0.003
,Time of Minimum:,04:37:52
,Date of Minimum:,02/07/2023
,Maximum:,0.056
,Time of Maximum:,04:37:10
,Date of Maximum:,02/07/2023

,TWA:,N/A

Calibration Sensor: ,Aerosol
,Cal factor:,1.00
,Cal date:,02/03/2023
,Cal name:,Factory

Date,Time,MC
MM/dd/yyyy,HH:mm:ss,mg/m³
02/07/2023,04:36:55,0.028
02/07/2023,04:36:56,0.025
02/07/2023,04:36:57,0.020
02/07/2023,04:36:58,0.019
02/07/2023,04:36:59,0.029
02/07/2023,04:37:00,0.037
02/07/2023,04:37:01,0.023
02/07/2023,04:37:02,0.032
02/07/2023,04:37:03,0.022
02/07/2023,04:37:04,0.029
02/07/2023,04:37:05,0.026
02/07/2023,04:37:06,0.030
02/07/2023,04:37:07,0.025
02/07/2023,04:37:08,0.024
02/07/2023,04:37:09,0.032
02/07/2023,04:37:10,0.056
02/07/2023,04:37:11,0.026
02/07/2023,04:37:12,0.032
02/07/2023,04:37:13,0.021
02/07/2023,04:37:14,0.022
02/07/2023,04:37:15,0.026
02/07/2023,04:37:16,0.029
02/07/2023,04:37:17,0.026
02/07/2023,04:37:18,0.023
02/07/2023,04:37:19,0.026
02/07/2023,04:37:20,0.032
02/07/2023,04:37:21,0.030
02/07/2023,04:37:22,0.026
02/07/2023,04:37:23,0.024
02/07/2023,04:37:24,0.027
02/07/2023,04:37:25,0.037
02/07/2023,04:37:26,0.030
02/07/2023,04:37:27,0.022
02/07/2023,04:37:28,0.026
02/07/2023,04:37:29,0.028
02/07/2023,04:37:30,0.024
02/07/2023,04:37:31,0.029
02/07/2023,04:37:32,0.028
02/07/2023,04:37:33,0.025
02/07/2023,04:37:34,0.028
02/07/2023,04:37:35,0.023
02/07/2023,04:37:36,0.024
02/07/2023,04:37:37,0.023
02/07/2023,04:37:38,0.017
02/07/2023,04:37:39,0.017
02/07/2023,04:37:40,0.013
02/07/2023,04:37:41,0.017
02/07/2023,04:37:42,0.012
02/07/2023,04:37:43,0.027
02/07/2023,04:37:44,0.017
02/07/2023,04:37:45,0.007
02/07/2023,04:37:46,0.016
02/07/2023,04:37:47,0.019
02/07/2023,04:37:48,0.013
02/07/2023,04:37:49,0.006
02/07/2023,04:37:50,0.003
02/07/2023,04:37:51,0.010
02/07/2023,04:37:52,0.003
02/07/2023,04:37:53,0.012
02/07/2023,04:37:54,0.015

Instrument Name:,SidePak Aerosol Monitor
Model Number:,AM520
Serial Number:,5201701009
Test Name:,Test 86
Start Date:,02/07/2023
Start Time:,05:36:54
Duration (dd:hh:mm:ss):,00:00:01:00
Log Interval (mm:ss):,00:01
Number of points:,60
Description:,

Statistics Channel: ,MC
,Units:,mg/m³
,Average:,0.012
,Minimum:,0.001
,Time of Minimum:,05:37:42
,Date of Minimum:,02/07/2023
,Maximum:,0.047
,Time of Maximum:,05:36:58
,Date of Maximum:,02/07/2023

,TWA:,N/A

Calibration Sensor: ,Aerosol
,Cal factor:,1.00
,Cal date:,02/03/2023
,Cal name:,Factory

Date,Time,MC
MM/dd/yyyy,HH:mm:ss,mg/m³
02/07/2023,05:36:55,0.016
02/07/2023,05:36:56,0.007
02/07/2023,05:36:57,0.019
02/07/2023,05:36:58,0.047
02/07/2023,05:36:59,0.005
02/07/2023,05:37:00,0.009
02/07/2023,05:37:01,0.006
02/07/2023,05:37:02,0.016
02/07/2023,05:37:03,0.006
02/07/2023,05:37:04,0.006
02/07/2023,05:37:05,0.017
02/07/2023,05:37:06,0.011
02/07/2023,05:37:07,0.014
02/07/2023,05:37:08,0.007
02/07/2023,05:37:09,0.017
02/07/2023,05:37:10,0.003
02/07/2023,05:37:11,0.012
02/07/2023,05:37:12,0.014
02/07/2023,05:37:13,0.015
02/07/2023,05:37:14,0.006
02/07/2023,05:37:15,0.009
02/07/2023,05:37:16,0.011
02/07/2023,05:37:17,0.015
02/07/2023,05:37:18,0.007
02/07/2023,05:37:19,0.013
02/07/2023,05:37:20,0.008
02/07/2023,05:37:21,0.014
02/07/2023,05:37:22,0.014
02/07/2023,05:37:23,0.019
02/07/2023,05:37:24,0.015
02/07/2023,05:37:25,0.020
02/07/2023,05:37:26,0.024
02/07/2023,05:37:27,0.014
02/07/2023,05:37:28,0.010
02/07/2023,05:37:29,0.017
02/07/2023,05:37:30,0.014
02/07/2023,05:37:31,0.015
02/07/2023,05:37:32,0.012
02/07/2023,05:37:33,0.010
02/07/2023,05:37:34,0.005
02/07/2023,05:37:35,0.009
02/07/2023,05:37:36,0.009
02/07/2023,05:37:37,0.008
02/07/2023,05:37:38,0.008
02/07/2023,05:37:39,0.012
02/07/2023,05:37:40,0.014
02/07/2023,05:37:41,0.007
02/07/2023,05:37:42,0.001
02/07/2023,05:37:43,0.004
02/07/2023,05:37:44,0.010
02/07/2023,05:37:45,0.004
02/07/2023,05:37:46,0.008
02/07/2023,05:37:47,0.007
02/07/2023,05:37:48,0.007
02/07/2023,05:37:49,0.022
02/07/2023,05:37:50,0.008
02/07/2023,05:37:51,0.010
02/07/2023,05:37:52,0.010
02/07/2023,05:37:53,0.007
02/07/2023,05:37:54,0.016

Instrument Name:,SidePak Aerosol Monitor
Model Number:,AM520
Serial Number:,5201701009
Test Name:,Test 87
Start Date:,02/07/2023
Start Time:,06:36:54
Duration (dd:hh:mm:ss):,00:00:01:00
Log Interval (mm:ss):,00:01
Number of points:,60
Description:,

Statistics Channel: ,MC
,Units:,mg/m³
,Average:,0.011
,Minimum:,0.000
,Time of Minimum:,06:37:07
,Date of Minimum:,02/07/2023
,Maximum:,0.030
,Time of Maximum:,06:37:03
,Date of Maximum:,02/07/2023

,TWA:,N/A

Calibration Sensor: ,Aerosol
,Cal factor:,1.00
,Cal date:,02/03/2023
,Cal name:,Factory

Date,Time,MC
MM/dd/yyyy,HH:mm:ss,mg/m³
02/07/2023,06:36:55,0.009
02/07/2023,06:36:56,0.014
02/07/2023,06:36:57,0.010
02/07/2023,06:36:58,0.014
02/07/2023,06:36:59,0.005
02/07/2023,06:37:00,0.011
02/07/2023,06:37:01,0.015
02/07/2023,06:37:02,0.010
02/07/2023,06:37:03,0.030
02/07/2023,06:37:04,0.008
02/07/2023,06:37:05,0.005
02/07/2023,06:37:06,0.007
02/07/2023,06:37:07,0.000
02/07/2023,06:37:08,0.004
02/07/2023,06:37:09,0.020
02/07/2023,06:37:10,0.008
02/07/2023,06:37:11,0.003
02/07/2023,06:37:12,0.009
02/07/2023,06:37:13,0.007
02/07/2023,06:37:14,0.014
02/07/2023,06:37:15,0.007
02/07/2023,06:37:16,0.014
02/07/2023,06:37:17,0.014
02/07/2023,06:37:18,0.011
02/07/2023,06:37:19,0.018
02/07/2023,06:37:20,0.002
02/07/2023,06:37:21,0.011
02/07/2023,06:37:22,0.017
02/07/2023,06:37:23,0.013
02/07/2023,06:37:24,0.020
02/07/2023,06:37:25,0.009
02/07/2023,06:37:26,0.003
02/07/2023,06:37:27,0.001
02/07/2023,06:37:28,0.013
02/07/2023,06:37:29,0.009
02/07/2023,06:37:30,0.009
02/07/2023,06:37:31,0.011
02/07/2023,06:37:32,0.003
02/07/2023,06:37:33,0.013
02/07/2023,06:37:34,0.008
02/07/2023,06:37:35,0.007
02/07/2023,06:37:36,0.008
02/07/2023,06:37:37,0.005
02/07/2023,06:37:38,0.011
02/07/2023,06:37:39,0.006
02/07/2023,06:37:40,0.013
02/07/2023,06:37:41,0.010
02/07/2023,06:37:42,0.007
02/07/2023,06:37:43,0.013
02/07/2023,06:37:44,0.007
02/07/2023,06:37:45,0.010
02/07/2023,06:37:46,0.013
02/07/2023,06:37:47,0.021
02/07/2023,06:37:48,0.018
02/07/2023,06:37:49,0.017
02/07/2023,06:37:50,0.016
02/07/2023,06:37:51,0.014
02/07/2023,06:37:52,0.014
02/07/2023,06:37:53,0.017
02/07/2023,06:37:54,0.023

Instrument Name:,SidePak Aerosol Monitor
Model Number:,AM520
Serial Number:,5201701009
Test Name:,Test 88
Start Date:,02/07/2023
Start Time:,07:36:54
Duration (dd:hh:mm:ss):,00:00:01:00
Log Interval (mm:ss):,00:01
Number of points:,60
Description:,

Statistics Channel: ,MC
,Units:,mg/m³
,Average:,0.015
,Minimum:,0.002
,Time of Minimum:,07:37:47
,Date of Minimum:,02/07/2023
,Maximum:,0.040
,Time of Maximum:,07:37:11
,Date of Maximum:,02/07/2023

,TWA:,N/A

Calibration Sensor: ,Aerosol
,Cal factor:,1.00
,Cal date:,02/03/2023
,Cal name:,Factory

Date,Time,MC
MM/dd/yyyy,HH:mm:ss,mg/m³
02/07/2023,07:36:55,0.021
02/07/2023,07:36:56,0.025
02/07/2023,07:36:57,0.014
02/07/2023,07:36:58,0.015
02/07/2023,07:36:59,0.016
02/07/2023,07:37:00,0.014
02/07/2023,07:37:01,0.002
02/07/2023,07:37:02,0.004
02/07/2023,07:37:03,0.010
02/07/2023,07:37:04,0.005
02/07/2023,07:37:05,0.008
02/07/2023,07:37:06,0.009
02/07/2023,07:37:07,0.009
02/07/2023,07:37:08,0.014
02/07/2023,07:37:09,0.015
02/07/2023,07:37:10,0.021
02/07/2023,07:37:11,0.040
02/07/2023,07:37:12,0.028
02/07/2023,07:37:13,0.023
02/07/2023,07:37:14,0.020
02/07/2023,07:37:15,0.020
02/07/2023,07:37:16,0.012
02/07/2023,07:37:17,0.017
02/07/2023,07:37:18,0.020
02/07/2023,07:37:19,0.006
02/07/2023,07:37:20,0.003
02/07/2023,07:37:21,0.004
02/07/2023,07:37:22,0.007
02/07/2023,07:37:23,0.007
02/07/2023,07:37:24,0.014
02/07/2023,07:37:25,0.010
02/07/2023,07:37:26,0.013
02/07/2023,07:37:27,0.033
02/07/2023,07:37:28,0.020
02/07/2023,07:37:29,0.026
02/07/2023,07:37:30,0.023
02/07/2023,07:37:31,0.038
02/07/2023,07:37:32,0.020
02/07/2023,07:37:33,0.036
02/07/2023,07:37:34,0.024
02/07/2023,07:37:35,0.029
02/07/2023,07:37:36,0.029
02/07/2023,07:37:37,0.016
02/07/2023,07:37:38,0.013
02/07/2023,07:37:39,0.015
02/07/2023,07:37:40,0.011
02/07/2023,07:37:41,0.006
02/07/2023,07:37:42,0.005
02/07/2023,07:37:43,0.002
02/07/2023,07:37:44,0.005
02/07/2023,07:37:45,0.010
02/07/2023,07:37:46,0.037
02/07/2023,07:37:47,0.002
02/07/2023,07:37:48,0.011
02/07/2023,07:37:49,0.004
02/07/2023,07:37:50,0.013
02/07/2023,07:37:51,0.012
02/07/2023,07:37:52,0.009
02/07/2023,07:37:53,0.011
02/07/2023,07:37:54,0.011

Instrument Name:,SidePak Aerosol Monitor
Model Number:,AM520
Serial Number:,5201701009
Test Name:,Test 89
Start Date:,02/07/2023
Start Time:,08:36:55
Duration (dd:hh:mm:ss):,00:00:01:00
Log Interval (mm:ss):,00:01
Number of points:,60
Description:,

Statistics Channel: ,MC
,Units:,mg/m³
,Average:,0.020
,Minimum:,0.003
,Time of Minimum:,08:37:38
,Date of Minimum:,02/07/2023
,Maximum:,0.040
,Time of Maximum:,08:37:03
,Date of Maximum:,02/07/2023

,TWA:,N/A

Calibration Sensor: ,Aerosol
,Cal factor:,1.00
,Cal date:,02/03/2023
,Cal name:,Factory

Date,Time,MC
MM/dd/yyyy,HH:mm:ss,mg/m³
02/07/2023,08:36:56,0.006
02/07/2023,08:36:57,0.013
02/07/2023,08:36:58,0.012
02/07/2023,08:36:59,0.009
02/07/2023,08:37:00,0.015
02/07/2023,08:37:01,0.022
02/07/2023,08:37:02,0.021
02/07/2023,08:37:03,0.040
02/07/2023,08:37:04,0.031
02/07/2023,08:37:05,0.022
02/07/2023,08:37:06,0.029
02/07/2023,08:37:07,0.028
02/07/2023,08:37:08,0.029
02/07/2023,08:37:09,0.020
02/07/2023,08:37:10,0.024
02/07/2023,08:37:11,0.019
02/07/2023,08:37:12,0.027
02/07/2023,08:37:13,0.013
02/07/2023,08:37:14,0.010
02/07/2023,08:37:15,0.009
02/07/2023,08:37:16,0.003
02/07/2023,08:37:17,0.007
02/07/2023,08:37:18,0.017
02/07/2023,08:37:19,0.011
02/07/2023,08:37:20,0.009
02/07/2023,08:37:21,0.023
02/07/2023,08:37:22,0.017
02/07/2023,08:37:23,0.019
02/07/2023,08:37:24,0.026
02/07/2023,08:37:25,0.030
02/07/2023,08:37:26,0.029
02/07/2023,08:37:27,0.027
02/07/2023,08:37:28,0.025
02/07/2023,08:37:29,0.036
02/07/2023,08:37:30,0.023
02/07/2023,08:37:31,0.029
02/07/2023,08:37:32,0.017
02/07/2023,08:37:33,0.020
02/07/2023,08:37:34,0.013
02/07/2023,08:37:35,0.010
02/07/2023,08:37:36,0.014
02/07/2023,08:37:37,0.025
02/07/2023,08:37:38,0.003
02/07/2023,08:37:39,0.010
02/07/2023,08:37:40,0.024
02/07/2023,08:37:41,0.017
02/07/2023,08:37:42,0.017
02/07/2023,08:37:43,0.024
02/07/2023,08:37:44,0.020
02/07/2023,08:37:45,0.029
02/07/2023,08:37:46,0.036
02/07/2023,08:37:47,0.026
02/07/2023,08:37:48,0.031
02/07/2023,08:37:49,0.027
02/07/2023,08:37:50,0.022
02/07/2023,08:37:51,0.019
02/07/2023,08:37:52,0.021
02/07/2023,08:37:53,0.013
02/07/2023,08:37:54,0.012
02/07/2023,08:37:55,0.011

Instrument Name:,SidePak Aerosol Monitor
Model Number:,AM520
Serial Number:,5201701009
Test Name:,Test 90
Start Date:,02/07/2023
Start Time:,09:36:55
Duration (dd:hh:mm:ss):,00:00:01:00
Log Interval (mm:ss):,00:01
Number of points:,60
Description:,

Statistics Channel: ,MC
,Units:,mg/m³
,Average:,0.024
,Minimum:,0.004
,Time of Minimum:,09:37:16
,Date of Minimum:,02/07/2023
,Maximum:,0.060
,Time of Maximum:,09:37:45
,Date of Maximum:,02/07/2023

,TWA:,N/A

Calibration Sensor: ,Aerosol
,Cal factor:,1.00
,Cal date:,02/03/2023
,Cal name:,Factory

Date,Time,MC
MM/dd/yyyy,HH:mm:ss,mg/m³
02/07/2023,09:36:56,0.032
02/07/2023,09:36:57,0.028
02/07/2023,09:36:58,0.032
02/07/2023,09:36:59,0.036
02/07/2023,09:37:00,0.014
02/07/2023,09:37:01,0.019
02/07/2023,09:37:02,0.014
02/07/2023,09:37:03,0.009
02/07/2023,09:37:04,0.015
02/07/2023,09:37:05,0.025
02/07/2023,09:37:06,0.024
02/07/2023,09:37:07,0.022
02/07/2023,09:37:08,0.024
02/07/2023,09:37:09,0.029
02/07/2023,09:37:10,0.035
02/07/2023,09:37:11,0.031
02/07/2023,09:37:12,0.031
02/07/2023,09:37:13,0.043
02/07/2023,09:37:14,0.021
02/07/2023,09:37:15,0.017
02/07/2023,09:37:16,0.004
02/07/2023,09:37:17,0.021
02/07/2023,09:37:18,0.009
02/07/2023,09:37:19,0.006
02/07/2023,09:37:20,0.019
02/07/2023,09:37:21,0.010
02/07/2023,09:37:22,0.029
02/07/2023,09:37:23,0.022
02/07/2023,09:37:24,0.028
02/07/2023,09:37:25,0.030
02/07/2023,09:37:26,0.040
02/07/2023,09:37:27,0.051
02/07/2023,09:37:28,0.031
02/07/2023,09:37:29,0.018
02/07/2023,09:37:30,0.019
02/07/2023,09:37:31,0.022
02/07/2023,09:37:32,0.014
02/07/2023,09:37:33,0.007
02/07/2023,09:37:34,0.020
02/07/2023,09:37:35,0.012
02/07/2023,09:37:36,0.013
02/07/2023,09:37:37,0.014
02/07/2023,09:37:38,0.020
02/07/2023,09:37:39,0.034
02/07/2023,09:37:40,0.024
02/07/2023,09:37:41,0.037
02/07/2023,09:37:42,0.034
02/07/2023,09:37:43,0.037
02/07/2023,09:37:44,0.042
02/07/2023,09:37:45,0.060
02/07/2023,09:37:46,0.034
02/07/2023,09:37:47,0.036
02/07/2023,09:37:48,0.026
02/07/2023,09:37:49,0.020
02/07/2023,09:37:50,0.014
02/07/2023,09:37:51,0.014
02/07/2023,09:37:52,0.011
02/07/2023,09:37:53,0.013
02/07/2023,09:37:54,0.014
02/07/2023,09:37:55,0.012

Instrument Name:,SidePak Aerosol Monitor
Model Number:,AM520
Serial Number:,5201701009
Test Name:,Test 91
Start Date:,02/07/2023
Start Time:,10:36:55
Duration (dd:hh:mm:ss):,00:00:01:00
Log Interval (mm:ss):,00:01
Number of points:,60
Description:,

Statistics Channel: ,MC
,Units:,mg/m³
,Average:,0.032
,Minimum:,0.014
,Time of Minimum:,10:37:40
,Date of Minimum:,02/07/2023
,Maximum:,0.056
,Time of Maximum:,10:37:30
,Date of Maximum:,02/07/2023

,TWA:,N/A

Calibration Sensor: ,Aerosol
,Cal factor:,1.00
,Cal date:,02/03/2023
,Cal name:,Factory

Date,Time,MC
MM/dd/yyyy,HH:mm:ss,mg/m³
02/07/2023,10:36:56,0.037
02/07/2023,10:36:57,0.029
02/07/2023,10:36:58,0.050
02/07/2023,10:36:59,0.032
02/07/2023,10:37:00,0.032
02/07/2023,10:37:01,0.027
02/07/2023,10:37:02,0.034
02/07/2023,10:37:03,0.038
02/07/2023,10:37:04,0.030
02/07/2023,10:37:05,0.025
02/07/2023,10:37:06,0.026
02/07/2023,10:37:07,0.030
02/07/2023,10:37:08,0.020
02/07/2023,10:37:09,0.025
02/07/2023,10:37:10,0.023
02/07/2023,10:37:11,0.021
02/07/2023,10:37:12,0.032
02/07/2023,10:37:13,0.021
02/07/2023,10:37:14,0.040
02/07/2023,10:37:15,0.042
02/07/2023,10:37:16,0.049
02/07/2023,10:37:17,0.053
02/07/2023,10:37:18,0.038
02/07/2023,10:37:19,0.048
02/07/2023,10:37:20,0.027
02/07/2023,10:37:21,0.027
02/07/2023,10:37:22,0.029
02/07/2023,10:37:23,0.024
02/07/2023,10:37:24,0.032
02/07/2023,10:37:25,0.032
02/07/2023,10:37:26,0.021
02/07/2023,10:37:27,0.038
02/07/2023,10:37:28,0.036
02/07/2023,10:37:29,0.033
02/07/2023,10:37:30,0.056
02/07/2023,10:37:31,0.036
02/07/2023,10:37:32,0.050
02/07/2023,10:37:33,0.053
02/07/2023,10:37:34,0.042
02/07/2023,10:37:35,0.028
02/07/2023,10:37:36,0.032
02/07/2023,10:37:37,0.025
02/07/2023,10:37:38,0.024
02/07/2023,10:37:39,0.022
02/07/2023,10:37:40,0.014
02/07/2023,10:37:41,0.022
02/07/2023,10:37:42,0.021
02/07/2023,10:37:43,0.018
02/07/2023,10:37:44,0.019
02/07/2023,10:37:45,0.028
02/07/2023,10:37:46,0.023
02/07/2023,10:37:47,0.026
02/07/2023,10:37:48,0.031
02/07/2023,10:37:49,0.022
02/07/2023,10:37:50,0.028
02/07/2023,10:37:51,0.029
02/07/2023,10:37:52,0.038
02/07/2023,10:37:53,0.048
02/07/2023,10:37:54,0.030
02/07/2023,10:37:55,0.039

Instrument Name:,SidePak Aerosol Monitor
Model Number:,AM520
Serial Number:,5201701009
Test Name:,Test 92
Start Date:,02/07/2023
Start Time:,11:36:55
Duration (dd:hh:mm:ss):,00:00:01:00
Log Interval (mm:ss):,00:01
Number of points:,60
Description:,

Statistics Channel: ,MC
,Units:,mg/m³
,Average:,0.030
,Minimum:,0.013
,Time of Minimum:,11:37:01
,Date of Minimum:,02/07/2023
,Maximum:,0.050
,Time of Maximum:,11:37:54
,Date of Maximum:,02/07/2023

,TWA:,N/A

Calibration Sensor: ,Aerosol
,Cal factor:,1.00
,Cal date:,02/03/2023
,Cal name:,Factory

Date,Time,MC
MM/dd/yyyy,HH:mm:ss,mg/m³
02/07/2023,11:36:56,0.029
02/07/2023,11:36:57,0.030
02/07/2023,11:36:58,0.028
02/07/2023,11:36:59,0.038
02/07/2023,11:37:00,0.015
02/07/2023,11:37:01,0.013
02/07/2023,11:37:02,0.015
02/07/2023,11:37:03,0.016
02/07/2023,11:37:04,0.039
02/07/2023,11:37:05,0.024
02/07/2023,11:37:06,0.034
02/07/2023,11:37:07,0.035
02/07/2023,11:37:08,0.038
02/07/2023,11:37:09,0.039
02/07/2023,11:37:10,0.036
02/07/2023,11:37:11,0.034
02/07/2023,11:37:12,0.029
02/07/2023,11:37:13,0.033
02/07/2023,11:37:14,0.020
02/07/2023,11:37:15,0.016
02/07/2023,11:37:16,0.015
02/07/2023,11:37:17,0.022
02/07/2023,11:37:18,0.027
02/07/2023,11:37:19,0.018
02/07/2023,11:37:20,0.028
02/07/2023,11:37:21,0.021
02/07/2023,11:37:22,0.029
02/07/2023,11:37:23,0.032
02/07/2023,11:37:24,0.047
02/07/2023,11:37:25,0.033
02/07/2023,11:37:26,0.041
02/07/2023,11:37:27,0.033
02/07/2023,11:37:28,0.027
02/07/2023,11:37:29,0.021
02/07/2023,11:37:30,0.028
02/07/2023,11:37:31,0.023
02/07/2023,11:37:32,0.025
02/07/2023,11:37:33,0.030
02/07/2023,11:37:34,0.024
02/07/2023,11:37:35,0.017
02/07/2023,11:37:36,0.032
02/07/2023,11:37:37,0.016
02/07/2023,11:37:38,0.025
02/07/2023,11:37:39,0.020
02/07/2023,11:37:40,0.030
02/07/2023,11:37:41,0.026
02/07/2023,11:37:42,0.027
02/07/2023,11:37:43,0.046
02/07/2023,11:37:44,0.029
02/07/2023,11:37:45,0.035
02/07/2023,11:37:46,0.046
02/07/2023,11:37:47,0.038
02/07/2023,11:37:48,0.030
02/07/2023,11:37:49,0.043
02/07/2023,11:37:50,0.042
02/07/2023,11:37:51,0.047
02/07/2023,11:37:52,0.040
02/07/2023,11:37:53,0.046
02/07/2023,11:37:54,0.050
02/07/2023,11:37:55,0.038

Instrument Name:,SidePak Aerosol Monitor
Model Number:,AM520
Serial Number:,5201701009
Test Name:,Test 93
Start Date:,02/07/2023
Start Time:,12:36:55
Duration (dd:hh:mm:ss):,00:00:01:00
Log Interval (mm:ss):,00:01
Number of points:,60
Description:,

Statistics Channel: ,MC
,Units:,mg/m³
,Average:,0.028
,Minimum:,0.015
,Time of Minimum:,12:37:13
,Date of Minimum:,02/07/2023
,Maximum:,0.050
,Time of Maximum:,12:37:39
,Date of Maximum:,02/07/2023

,TWA:,N/A

Calibration Sensor: ,Aerosol
,Cal factor:,1.00
,Cal date:,02/03/2023
,Cal name:,Factory

Date,Time,MC
MM/dd/yyyy,HH:mm:ss,mg/m³
02/07/2023,12:36:56,0.036
02/07/2023,12:36:57,0.036
02/07/2023,12:36:58,0.028
02/07/2023,12:36:59,0.024
02/07/2023,12:37:00,0.031
02/07/2023,12:37:01,0.025
02/07/2023,12:37:02,0.027
02/07/2023,12:37:03,0.028
02/07/2023,12:37:04,0.025
02/07/2023,12:37:05,0.021
02/07/2023,12:37:06,0.026
02/07/2023,12:37:07,0.020
02/07/2023,12:37:08,0.037
02/07/2023,12:37:09,0.022
02/07/2023,12:37:10,0.033
02/07/2023,12:37:11,0.017
02/07/2023,12:37:12,0.022
02/07/2023,12:37:13,0.015
02/07/2023,12:37:14,0.027
02/07/2023,12:37:15,0.029
02/07/2023,12:37:16,0.033
02/07/2023,12:37:17,0.028
02/07/2023,12:37:18,0.017
02/07/2023,12:37:19,0.024
02/07/2023,12:37:20,0.018
02/07/2023,12:37:21,0.039
02/07/2023,12:37:22,0.025
02/07/2023,12:37:23,0.024
02/07/2023,12:37:24,0.021
02/07/2023,12:37:25,0.019
02/07/2023,12:37:26,0.027
02/07/2023,12:37:27,0.038
02/07/2023,12:37:28,0.026
02/07/2023,12:37:29,0.030
02/07/2023,12:37:30,0.028
02/07/2023,12:37:31,0.025
02/07/2023,12:37:32,0.029
02/07/2023,12:37:33,0.026
02/07/2023,12:37:34,0.039
02/07/2023,12:37:35,0.031
02/07/2023,12:37:36,0.031
02/07/2023,12:37:37,0.032
02/07/2023,12:37:38,0.039
02/07/2023,12:37:39,0.050
02/07/2023,12:37:40,0.027
02/07/2023,12:37:41,0.036
02/07/2023,12:37:42,0.039
02/07/2023,12:37:43,0.040
02/07/2023,12:37:44,0.027
02/07/2023,12:37:45,0.036
02/07/2023,12:37:46,0.038
02/07/2023,12:37:47,0.037
02/07/2023,12:37:48,0.028
02/07/2023,12:37:49,0.019
02/07/2023,12:37:50,0.020
02/07/2023,12:37:51,0.023
02/07/2023,12:37:52,0.028
02/07/2023,12:37:53,0.022
02/07/2023,12:37:54,0.029
02/07/2023,12:37:55,0.017

